1 67 -68
1 1232 -1402
1 867 -1144
1 452 -621
1 1064 -1337
1 158 -218
1 654 -887
1 948 -1231
1 1131 -1374
1 108 -143
1 298 -412
1 551 -753
1 752 -1009
1 881 -1160
1 990 -1270
1 1114 -1366
1 1170 -1389
1 79 -94
1 126 -171
1 255 -353
1 406 -559
1 481 -660
1 602 -820
1 720 -970
1 792 -1057
1 911 -1192
1 1046 -1321
1 1072 -1342
1 1207 -1398
1 71 -79
1 96 -123
1 115 -154
1 132 -180
1 237 -328
1 356 -491
1 505 -692
1 622 -846
1 685 -926
1 810 -1078
1 895 -1175
1 928 -1210
1 1024 -1301
1 1098 -1357
1 1194 -1395
1 1223 -1401
1 69 -74
1 72 -81
1 83 -101
1 186 -257
1 320 -442
1 643 -873
1 1091 -1353
