Complete graph 
 34 nodes
 561 arcs
 1 2 33 -44
 1 3 11 -20
 1 4 4 -24
 1 5 15 -38
 1 6 34 -23
 1 7 33 -41
 1 8 9 -54
 1 9 28 -20
 1 10 91 -14
 1 11 45 -5
 1 12 3 -11
 1 13 49 -10
 1 14 20 -31
 1 15 21 -6
 1 16 50 -27
 1 17 60 -68
 1 18 24 -66
 1 19 18 -45
 1 20 7 -15
 1 21 31 -85
 1 22 74 -13
 1 23 18 -49
 1 24 70 -48
 1 25 12 -1
 1 26 57 -16
 1 27 11 -25
 1 28 57 -12
 1 29 5 -5
 1 30 29 -33
 1 31 55 -5
 1 32 0 -2
 1 33 56 -63
 1 34 79 -35
 2 3 22 -86
 2 4 33 -15
 2 5 58 -78
 2 6 48 -14
 2 7 0 0
 2 8 16 -20
 2 9 5 -11
 2 10 57 -48
 2 11 22 -32
 2 12 44 -7
 2 13 14 -66
 2 14 42 -36
 2 15 4 -25
 2 16 7 -4
 2 17 56 -82
 2 18 18 -29
 2 19 48 -14
 2 20 43 -16
 2 21 0 0
 2 22 43 -4
 2 23 29 -8
 2 24 68 -48
 2 25 81 -48
 2 26 0 0
 2 27 15 -29
 2 28 43 -9
 2 29 3 -2
 2 30 2 -1
 2 31 10 -5
 2 32 30 -42
 2 33 12 -92
 2 34 4 -4
 3 4 83 -29
 3 5 53 -37
 3 6 96 -20
 3 7 7 -10
 3 8 69 -49
 3 9 0 -1
 3 10 8 -33
 3 11 8 -70
 3 12 16 -93
 3 13 26 -92
 3 14 26 -58
 3 15 47 -17
 3 16 15 -43
 3 17 13 -3
 3 18 30 -10
 3 19 18 -10
 3 20 78 -22
 3 21 23 -49
 3 22 76 -45
 3 23 33 -78
 3 24 29 -14
 3 25 50 -65
 3 26 19 -28
 3 27 48 -75
 3 28 6 -16
 3 29 3 -9
 3 30 29 -6
 3 31 21 -23
 3 32 92 -31
 3 33 87 -39
 3 34 48 -62
 4 5 1 -7
 4 6 38 -13
 4 7 20 -43
 4 8 6 -16
 4 9 55 -17
 4 10 27 -29
 4 11 56 -41
 4 12 34 -8
 4 13 39 -59
 4 14 6 -2
 4 15 38 -13
 4 16 85 -37
 4 17 20 -12
 4 18 43 -5
 4 19 0 -1
 4 20 45 -53
 4 21 73 -43
 4 22 26 -75
 4 23 20 -12
 4 24 88 -34
 4 25 27 -42
 4 26 53 -70
 4 27 13 -1
 4 28 3 -3
 4 29 80 -41
 4 30 6 -17
 4 31 50 -32
 4 32 7 -6
 4 33 7 -2
 4 34 12 -44
 5 6 12 -67
 5 7 97 -11
 5 8 92 -10
 5 9 26 -63
 5 10 66 -67
 5 11 23 -32
 5 12 40 -20
 5 13 2 -3
 5 14 50 -20
 5 15 57 -46
 5 16 13 -10
 5 17 41 -41
 5 18 89 -26
 5 19 1 -1
 5 20 16 -56
 5 21 11 -19
 5 22 3 -42
 5 23 69 -41
 5 24 29 -13
 5 25 61 -15
 5 26 14 -50
 5 27 29 -48
 5 28 29 -32
 5 29 43 -42
 5 30 13 -6
 5 31 50 -20
 5 32 48 -46
 5 33 84 -9
 5 34 18 -2
 6 7 64 -31
 6 8 32 -32
 6 9 30 -38
 6 10 26 -39
 6 11 33 -80
 6 12 17 -12
 6 13 78 -30
 6 14 53 -35
 6 15 82 -35
 6 16 33 -30
 6 17 13 -5
 6 18 78 -23
 6 19 60 -7
 6 20 67 -62
 6 21 91 -25
 6 22 43 -48
 6 23 14 -5
 6 24 36 -29
 6 25 46 -47
 6 26 53 -26
 6 27 57 -47
 6 28 11 -17
 6 29 62 -33
 6 30 51 -51
 6 31 53 -56
 6 32 58 -21
 6 33 13 -15
 6 34 19 -92
 7 8 75 -34
 7 9 34 -30
 7 10 11 -6
 7 11 28 -25
 7 12 54 -14
 7 13 23 -18
 7 14 90 -41
 7 15 1 -9
 7 16 8 -60
 7 17 43 -83
 7 18 95 -18
 7 19 27 -11
 7 20 49 -67
 7 21 1 -10
 7 22 44 -46
 7 23 7 -8
 7 24 49 -25
 7 25 21 -43
 7 26 63 -13
 7 27 62 -36
 7 28 5 -9
 7 29 6 -6
 7 30 78 -52
 7 31 12 -77
 7 32 23 -2
 7 33 10 -24
 7 34 10 -67
 8 9 15 -1
 8 10 56 -81
 8 11 66 -36
 8 12 55 -53
 8 13 2 -8
 8 14 22 -29
 8 15 25 -7
 8 16 8 -25
 8 17 44 -76
 8 18 9 -60
 8 19 18 -7
 8 20 22 -94
 8 21 24 -37
 8 22 0 0
 8 23 19 -27
 8 24 33 -5
 8 25 47 -16
 8 26 0 -1
 8 27 8 -86
 8 28 42 -49
 8 29 40 -36
 8 30 41 -43
 8 31 15 -13
 8 32 36 -48
 8 33 76 -35
 8 34 26 -7
 9 10 82 -46
 9 11 8 -1
 9 12 45 -36
 9 13 39 -90
 9 14 12 -28
 9 15 54 -77
 9 16 22 -3
 9 17 22 -78
 9 18 14 -24
 9 19 12 -22
 9 20 82 -35
 9 21 3 -25
 9 22 58 -25
 9 23 28 -34
 9 24 93 -10
 9 25 6 -1
 9 26 36 -36
 9 27 6 -18
 9 28 56 -33
 9 29 45 -51
 9 30 27 -31
 9 31 21 -23
 9 32 24 -35
 9 33 23 -59
 9 34 59 -30
 10 11 4 -19
 10 12 55 -6
 10 13 7 -6
 10 14 85 -15
 10 15 89 -20
 10 16 59 -10
 10 17 51 -9
 10 18 86 -47
 10 19 32 -60
 10 20 32 -41
 10 21 45 -42
 10 22 39 -88
 10 23 71 -20
 10 24 27 -46
 10 25 77 -52
 10 26 41 -36
 10 27 5 -28
 10 28 13 -18
 10 29 3 -14
 10 30 28 -26
 10 31 35 -11
 10 32 32 -14
 10 33 2 0
 10 34 8 -1
 11 12 23 -5
 11 13 10 -76
 11 14 3 -23
 11 15 9 -81
 11 16 24 -11
 11 17 21 -58
 11 18 75 -17
 11 19 14 -21
 11 20 86 -49
 11 21 18 -10
 11 22 76 -52
 11 23 18 -78
 11 24 38 -25
 11 25 26 -56
 11 26 21 -64
 11 27 9 -30
 11 28 87 -24
 11 29 37 -15
 11 30 12 -42
 11 31 7 -5
 11 32 53 -77
 11 33 71 -26
 11 34 20 -37
 12 13 6 -9
 12 14 51 -45
 12 15 28 -19
 12 16 24 -53
 12 17 11 -22
 12 18 34 -51
 12 19 0 0
 12 20 20 -10
 12 21 22 -6
 12 22 39 -19
 12 23 11 -8
 12 24 81 -51
 12 25 59 -16
 12 26 21 -67
 12 27 14 -57
 12 28 97 -20
 12 29 28 -37
 12 30 5 -1
 12 31 70 -29
 12 32 1 -8
 12 33 2 -14
 12 34 33 -4
 13 14 27 -9
 13 15 8 -41
 13 16 76 -8
 13 17 37 -4
 13 18 47 -67
 13 19 35 -55
 13 20 12 -25
 13 21 37 -15
 13 22 22 -66
 13 23 27 -37
 13 24 1 0
 13 25 73 -19
 13 26 63 -10
 13 27 36 -48
 13 28 27 -34
 13 29 80 -18
 13 30 68 -35
 13 31 33 -70
 13 32 15 -74
 13 33 29 -60
 13 34 0 -2
 14 15 19 -18
 14 16 18 -39
 14 17 54 -15
 14 18 23 -19
 14 19 12 -1
 14 20 0 -3
 14 21 59 -21
 14 22 9 -75
 14 23 1 -14
 14 24 21 -38
 14 25 34 -54
 14 26 68 -32
 14 27 34 -65
 14 28 52 -69
 14 29 50 -22
 14 30 69 -67
 14 31 45 -18
 14 32 7 -2
 14 33 26 -31
 14 34 17 -21
 15 16 19 -23
 15 17 9 -10
 15 18 23 -44
 15 19 23 -15
 15 20 18 -58
 15 21 73 -40
 15 22 51 -14
 15 23 22 -3
 15 24 61 -68
 15 25 22 -16
 15 26 16 -23
 15 27 71 -62
 15 28 22 -6
 15 29 37 -7
 15 30 86 -28
 15 31 19 -28
 15 32 36 -25
 15 33 51 -77
 15 34 48 -12
 16 17 12 -6
 16 18 15 -57
 16 19 86 -8
 16 20 4 -1
 16 21 21 -15
 16 22 18 -69
 16 23 1 -5
 16 24 51 -6
 16 25 54 -38
 16 26 7 -54
 16 27 2 -11
 16 28 35 -43
 16 29 84 -33
 16 30 7 -3
 16 31 61 -37
 16 32 26 -34
 16 33 55 -20
 16 34 10 -4
 17 18 3 -12
 17 19 5 -12
 17 20 40 -78
 17 21 51 -64
 17 22 69 -27
 17 23 70 -6
 17 24 10 -15
 17 25 49 -29
 17 26 18 -25
 17 27 8 -31
 17 28 30 -23
 17 29 63 -45
 17 30 44 -15
 17 31 6 -9
 17 32 83 -33
 17 33 12 -73
 17 34 67 -41
 18 19 2 -4
 18 20 9 -86
 18 21 47 -52
 18 22 12 -22
 18 23 28 -40
 18 24 30 -42
 18 25 5 -14
 18 26 2 -1
 18 27 31 -47
 18 28 55 -23
 18 29 26 -94
 18 30 6 -42
 18 31 82 -35
 18 32 12 -13
 18 33 11 -49
 18 34 71 -35
 19 20 56 -5
 19 21 80 -14
 19 22 54 -46
 19 23 42 -17
 19 24 9 -2
 19 25 6 -14
 19 26 52 -50
 19 27 13 -80
 19 28 6 -53
 19 29 46 -10
 19 30 69 -14
 19 31 22 -18
 19 32 11 -8
 19 33 26 -57
 19 34 37 -41
 20 21 95 -22
 20 22 5 -47
 20 23 12 -15
 20 24 58 -13
 20 25 94 -23
 20 26 70 -11
 20 27 25 -33
 20 28 52 -30
 20 29 24 -12
 20 30 26 -39
 20 31 42 -87
 20 32 17 -44
 20 33 2 -9
 20 34 67 -65
 21 22 3 -4
 21 23 37 -44
 21 24 23 -66
 21 25 46 -25
 21 26 28 -58
 21 27 7 -27
 21 28 6 -39
 21 29 25 -21
 21 30 42 -23
 21 31 20 -3
 21 32 42 -6
 21 33 31 -76
 21 34 26 -47
 22 23 55 -23
 22 24 15 -49
 22 25 10 -5
 22 26 24 -60
 22 27 8 -55
 22 28 46 -52
 22 29 3 0
 22 30 37 -27
 22 31 11 -6
 22 32 3 -31
 22 33 12 -8
 22 34 10 -3
 23 24 23 -45
 23 25 43 -47
 23 26 6 -38
 23 27 14 -11
 23 28 82 -55
 23 29 12 -26
 23 30 4 -17
 23 31 26 -81
 23 32 5 -25
 23 33 23 -16
 23 34 8 -45
 24 25 5 -3
 24 26 87 -33
 24 27 13 -2
 24 28 45 -50
 24 29 10 -12
 24 30 43 -36
 24 31 23 -84
 24 32 72 -38
 24 33 52 -63
 24 34 40 -25
 25 26 13 -71
 25 27 12 -69
 25 28 10 -96
 25 29 67 -20
 25 30 82 -35
 25 31 23 -71
 25 32 26 -41
 25 33 25 -8
 25 34 19 -7
 26 27 89 -8
 26 28 5 -46
 26 29 39 -8
 26 30 65 -19
 26 31 36 -21
 26 32 20 -17
 26 33 15 -29
 26 34 44 -68
 27 28 28 -95
 27 29 64 -26
 27 30 50 -23
 27 31 55 -15
 27 32 26 -25
 27 33 15 -70
 27 34 21 -96
 28 29 10 -39
 28 30 40 -62
 28 31 83 -19
 28 32 9 -57
 28 33 73 -29
 28 34 15 -47
 29 30 23 -85
 29 31 6 0
 29 32 4 -9
 29 33 28 -22
 29 34 6 -4
 30 31 37 -7
 30 32 2 -4
 30 33 13 -11
 30 34 14 -6
 31 32 61 -28
 31 33 26 -49
 31 34 34 -47
 32 33 36 -26
 32 34 30 -33
 33 34 27 -88
