1 43 -276
1 1139 -3145
1 419 -2597
1 194 -1633
1 659 -3001
1 88 -851
1 317 -2250
1 522 -2828
1 878 -3105
1 56 -512
1 134 -1225
1 246 -1924
1 377 -2475
1 477 -2738
1 605 -2945
1 758 -3062
1 990 -3133
1 48 -399
1 73 -708
1 109 -1031
1 159 -1405
1 236 -1871
1 278 -2075
1 338 -2336
1 388 -2512
1 446 -2666
1 492 -2769
1 577 -2909
1 632 -2975
1 714 -3039
1 834 -3090
1 906 -3113
1 1065 -3141
1 44 -311
1 52 -457
1 64 -609
1 77 -750
1 96 -922
1 117 -1095
1 145 -1306
1 171 -1485
1 211 -1730
1 238 -1882
1 263 -2005
1 293 -2143
1 325 -2283
1 364 -2429
1 410 -2573
1 438 -2646
1 461 -2701
1 496 -2777
1 538 -2852
1 644 -2987
1 705 -3033
1 734 -3050
1 793 -3075
1 947 -3123
1 1018 -3137
1 47 -379
1 60 -562
1 80 -778
1 100 -956
1 125 -1157
1 151 -1349
1 182 -1556
1 223 -1798
1 248 -1934
1 289 -2125
1 308 -2210
1 336 -2328
1 350 -2379
1 375 -2468
1 397 -2537
1 429 -2623
1 555 -2877
1 679 -3015
1 45 -335
1 61 -574
