1 54 -62
1 1701 -2051
1 1250 -1700
1 790 -1106
1 1525 -1974
1 289 -409
1 1058 -1461
1 1401 -1863
1 1613 -2033
1 126 -174
1 601 -846
1 915 -1274
1 1170 -1602
1 1316 -1775
1 1469 -1927
1 1578 -2014
1 1661 -2046
1 72 -92
1 177 -249
1 444 -627
1 643 -904
1 847 -1183
1 965 -1340
1 1065 -1470
1 1200 -1639
1 1276 -1731
1 1369 -1831
1 1443 -1903
1 1502 -1956
1 1534 -1981
1 1600 -2027
1 1635 -2040
1 1680 -2049
1 98 -132
1 147 -205
1 239 -338
1 328 -464
1 479 -676
1 614 -864
1 747 -1047
1 801 -1121
1 879 -1226
1 943 -1311
1 1004 -1391
1 1123 -1543
1 1187 -1623
1 1218 -1661
1 1293 -1750
1 1333 -1793
1 1424 -1885
1 1494 -1949
1 1622 -2036
1 1652 -2044
1 1690 -2050
1 56 -66
1 65 -81
1 83 -109
1 216 -305
1 246 -348
1 397 -561
1 550 -775
1 1024 -1417
1 360 -509
1 517 -729
