1 52 -183
1 625 -2085
1 290 -1733
1 149 -1095
1 449 -2015
1 93 -692
1 219 -1458
1 328 -1837
1 530 -2067
1 68 -436
1 114 -853
1 180 -1274
1 259 -1618
1 306 -1783
1 375 -1913
1 481 -2041
1 556 -2075
1 63 -372
1 74 -507
1 106 -794
1 134 -994
1 167 -1203
1 200 -1371
1 244 -1559
1 272 -1667
1 355 -1882
1 397 -1945
1 496 -2050
1 597 -2082
1 56 -257
1 64 -386
1 72 -484
1 83 -597
1 97 -724
1 111 -831
1 121 -903
1 144 -1062
1 173 -1236
1 196 -1352
1 239 -1539
1 338 -1854
1 392 -1938
1 417 -1972
1 584 -2080
1 54 -221
1 57 -274
1 443 -2007
