1 32 -172
1 893 -3156
1 378 -2573
1 163 -1501
1 559 -2973
1 90 -893
1 281 -2160
1 488 -2857
1 680 -3084
1 55 -495
1 126 -1221
1 215 -1817
1 318 -2335
1 420 -2703
1 533 -2941
1 625 -3044
1 806 -3140
1 37 -257
1 73 -710
1 106 -1048
1 142 -1352
1 180 -1612
1 257 -2038
1 311 -2303
1 346 -2451
1 390 -2612
1 449 -2770
1 497 -2876
1 537 -2947
1 583 -3000
1 643 -3059
1 725 -3106
1 850 -3153
1 33 -197
1 46 -378
1 62 -581
1 77 -755
1 96 -952
1 115 -1127
1 141 -1344
1 153 -1431
1 170 -1548
1 205 -1760
1 242 -1960
1 268 -2095
1 296 -2232
1 327 -2373
1 370 -2545
1 410 -2673
1 470 -2817
1 517 -2913
1 620 -3039
1 632 -3050
1 660 -3071
1 700 -3094
1 755 -3119
1 834 -3149
1 870 -3155
1 42 -325
1 53 -470
1 61 -569
1 66 -628
1 76 -744
1 81 -798
1 104 -1029
1 109 -1075
1 122 -1187
1 147 -1388
1 197 -1713
1 227 -1881
1 361 -2510
1 453 -2779
1 599 -3017
1 675 -3081
1 815 -3143
1 86 -851
1 99 -981
1 182 -1624
