1 50 -318
1 960 -2383
1 334 -1959
1 193 -1450
1 623 -2298
1 84 -739
1 252 -1718
1 454 -2155
1 740 -2348
1 62 -526
1 119 -999
1 221 -1591
1 297 -1859
1 382 -2054
1 509 -2213
1 710 -2340
1 880 -2374
1 53 -404
1 74 -646
1 100 -862
1 155 -1226
1 203 -1507
1 238 -1666
1 262 -1751
1 316 -1913
1 370 -2034
1 422 -2114
1 495 -2201
1 565 -2257
1 634 -2305
1 789 -2358
1 924 -2381
1 52 -377
1 59 -487
1 69 -597
1 80 -703
1 92 -802
1 109 -928
1 133 -1090
1 178 -1363
1 200 -1490
1 204 -1512
1 228 -1622
1 254 -1725
1 281 -1810
1 311 -1899
1 322 -1929
1 345 -1983
1 406 -2091
1 427 -2121
1 481 -2186
1 540 -2238
1 600 -2282
1 666 -2320
1 834 -2366
1 118 -992
1 168 -1304
1 216 -1568
1 271 -1779
1 389 -2065
1 415 -2104
1 445 -2144
