1 62 -255
1 739 -2051
1 290 -1613
1 129 -919
1 458 -1941
1 77 -515
1 207 -1311
1 380 -1829
1 600 -2037
1 67 -367
1 102 -732
1 175 -1160
1 239 -1443
1 350 -1765
1 429 -1907
1 533 -2003
1 618 -2043
1 64 -314
1 75 -490
1 91 -645
1 121 -868
1 147 -1015
1 195 -1256
1 228 -1400
1 272 -1559
1 316 -1680
1 361 -1789
1 414 -1884
1 490 -1969
1 573 -2025
1 697 -2050
1 63 -290
1 69 -400
1 81 -553
1 114 -819
1 143 -994
1 157 -1067
1 180 -1185
1 229 -1404
1 259 -1515
1 300 -1639
1 399 -1860
1 467 -1949
1 518 -1992
1 542 -2008
1 658 -2047
1 90 -636
