1 68 -416
1 778 -2426
1 342 -1985
1 149 -1160
1 546 -2335
1 87 -728
1 250 -1671
1 451 -2214
1 647 -2409
1 73 -544
1 119 -972
1 218 -1527
1 290 -1822
1 397 -2112
1 473 -2250
1 603 -2387
1 694 -2421
1 69 -453
1 78 -618
1 98 -825
1 134 -1068
1 173 -1293
1 275 -1769
1 318 -1914
1 363 -2037
1 419 -2157
1 467 -2241
1 506 -2289
1 571 -2360
1 654 -2411
1 726 -2424
1 72 -524
1 80 -643
1 90 -755
1 126 -1017
1 142 -1118
1 159 -1216
1 196 -1414
1 262 -1719
1 278 -1780
1 306 -1876
1 331 -1953
1 383 -2082
1 439 -2193
1 594 -2380
1 187 -1367
1 207 -1471
