1 55 -62
1 1697 -2076
1 1221 -1681
1 642 -910
1 1504 -1987
1 208 -297
1 994 -1388
1 1386 -1873
1 1619 -2057
1 75 -100
1 357 -510
1 834 -1174
1 1137 -1575
1 1308 -1784
1 1450 -1938
1 1559 -2024
1 1668 -2072
1 61 -77
1 134 -189
1 256 -366
1 534 -759
1 723 -1022
1 883 -1240
1 1060 -1475
1 1175 -1624
1 1240 -1704
1 1368 -1853
1 1406 -1894
1 1482 -1968
1 1520 -1998
1 1580 -2036
1 1638 -2064
1 57 -69
1 65 -84
1 112 -156
1 170 -242
1 217 -310
1 338 -483
1 440 -627
1 599 -850
1 668 -946
1 777 -1096
1 1041 -1450
1 1120 -1553
1 1208 -1665
1 1284 -1756
1 1333 -1813
1 1491 -1976
1 56 -66
1 157 -223
1 284 -406
1 413 -589
1 482 -686
1 731 -1033
1 1179 -1629
