1 69 -325
1 790 -1948
1 297 -1648
1 158 -1160
1 459 -1851
1 97 -732
1 199 -1364
1 375 -1776
1 606 -1912
1 78 -492
1 123 -941
1 178 -1267
1 239 -1494
1 332 -1713
1 407 -1812
1 519 -1880
1 720 -1939
1 71 -374
1 85 -588
1 108 -826
1 137 -1032
1 166 -1205
1 192 -1336
1 225 -1453
1 275 -1592
1 313 -1680
1 357 -1750
1 398 -1802
1 425 -1828
1 489 -1867
1 560 -1897
1 661 -1927
1 761 -1945
1 77 -476
1 81 -534
1 91 -663
1 100 -759
1 116 -890
1 128 -975
1 149 -1106
1 219 -1433
1 228 -1462
1 263 -1560
1 317 -1687
1 429 -1831
1 483 -1864
1 93 -687
1 252 -1530
