1 40 -160
1 882 -2441
1 302 -1839
1 129 -1030
1 525 -2256
1 67 -570
1 219 -1547
1 399 -2071
1 716 -2402
1 44 -281
1 96 -807
1 173 -1298
1 250 -1678
1 370 -2009
1 452 -2158
1 615 -2336
1 805 -2436
1 42 -239
1 55 -435
1 73 -622
1 107 -884
1 153 -1181
1 202 -1460
1 226 -1579
1 280 -1775
1 337 -1929
1 381 -2033
1 429 -2122
1 501 -2228
1 584 -2311
1 665 -2373
1 762 -2423
1 843 -2439
1 41 -202
1 43 -262
1 46 -311
1 61 -507
1 70 -597
1 82 -695
1 99 -829
1 121 -977
1 137 -1081
1 163 -1240
1 193 -1411
1 215 -1527
1 224 -1570
1 241 -1642
1 258 -1705
1 294 -1816
1 321 -1889
1 358 -1980
1 398 -2069
1 416 -2100
1 474 -2190
1 555 -2285
1 606 -2329
1 642 -2356
1 697 -2392
1 729 -2408
1 789 -2432
1 860 -2440
1 51 -380
1 58 -472
1 154 -1187
1 182 -1349
1 274 -1756
1 486 -2207
1 537 -2268
1 690 -2388
