1 74 -85
1 1726 -2052
1 1341 -1817
1 707 -991
1 1523 -1984
1 228 -321
1 1058 -1462
1 1428 -1913
1 1645 -2039
1 103 -138
1 503 -709
1 890 -1240
1 1186 -1627
1 1379 -1861
1 1470 -1949
1 1587 -2015
1 1676 -2047
1 84 -106
1 171 -239
1 367 -518
1 610 -858
1 800 -1118
1 990 -1373
1 1131 -1557
1 1277 -1740
1 1352 -1830
1 1415 -1900
1 1437 -1921
1 1500 -1969
1 1540 -1993
1 1615 -2027
1 1666 -2045
1 1711 -2051
1 80 -98
1 93 -122
1 121 -165
1 180 -252
1 285 -402
1 416 -587
1 551 -776
1 653 -917
1 767 -1073
1 842 -1175
1 962 -1336
1 1025 -1419
1 1101 -1518
1 1145 -1575
1 1214 -1662
1 1301 -1769
1 1365 -1845
1 1534 -1990
1 1563 -2004
1 1651 -2041
1 1692 -2049
1 96 -127
1 154 -214
1 333 -470
1 463 -653
1 597 -840
1 1009 -1398
1 1239 -1693
