1 54 -63
1 1501 -1729
1 1080 -1458
1 602 -845
1 1296 -1666
1 226 -322
1 826 -1143
1 1196 -1586
1 1353 -1695
1 80 -111
1 426 -603
1 725 -1010
1 944 -1293
1 1130 -1515
1 1259 -1641
1 1312 -1676
1 1461 -1723
1 63 -82
1 110 -156
1 293 -417
1 558 -785
1 668 -934
1 790 -1096
1 883 -1216
1 1042 -1413
1 1094 -1474
1 1150 -1537
1 1243 -1628
1 1272 -1650
1 1307 -1673
1 1350 -1694
1 1384 -1704
1 1482 -1727
1 58 -72
1 72 -98
1 191 -272
1 266 -379
1 388 -550
1 462 -653
1 636 -891
1 762 -1059
1 806 -1117
1 865 -1193
1 902 -1240
1 1000 -1362
1 1068 -1444
1 1210 -1599
1 1316 -1678
1 1370 -1700
1 1440 -1718
1 1466 -1724
1 1489 -1728
1 147 -209
1 978 -1335
1 1227 -1614
