1 33 -165
1 1042 -3186
1 397 -2701
1 204 -1828
1 597 -3033
1 89 -908
1 285 -2297
1 493 -2921
1 841 -3166
1 50 -460
1 239 -2054
1 354 -2563
1 446 -2825
1 559 -2997
1 679 -3090
1 930 -3181
1 39 -301
1 70 -705
1 118 -1172
1 180 -1660
1 228 -1988
1 263 -2187
1 312 -2406
1 358 -2577
1 423 -2770
1 470 -2875
1 509 -2941
1 589 -3026
1 645 -3069
1 784 -3144
1 856 -3170
1 1005 -3185
1 36 -241
1 44 -378
1 60 -586
1 75 -762
1 99 -1002
1 135 -1312
1 159 -1502
1 212 -1883
1 249 -2111
1 273 -2239
1 293 -2330
1 332 -2482
1 395 -2695
1 410 -2736
1 427 -2780
1 548 -2985
1 561 -2999
1 656 -3076
1 746 -3125
1 820 -3158
1 880 -3174
1 944 -3182
1 34 -194
1 37 -263
1 40 -318
1 46 -406
1 53 -499
1 62 -610
1 80 -815
1 110 -1101
1 126 -1238
1 147 -1408
1 169 -1578
1 218 -1923
1 251 -2122
1 282 -2283
1 373 -2625
1 407 -2728
1 523 -2957
1 721 -3112
1 894 -3176
1 983 -3184
1 155 -1471
