1 70 -70
1 1224 -1457
1 894 -1216
1 478 -671
1 1095 -1417
1 187 -256
1 697 -967
1 1157 -1448
1 98 -122
1 306 -429
1 568 -795
1 814 -1118
1 964 -1294
1 1061 -1391
1 1123 -1433
1 1170 -1451
1 78 -88
1 126 -165
1 235 -326
1 372 -523
1 543 -761
1 737 -1019
1 862 -1177
1 921 -1247
1 999 -1330
1 1052 -1383
1 1071 -1399
1 1100 -1420
1 1204 -1455
1 72 -76
1 92 -112
1 105 -133
1 160 -216
1 202 -278
1 286 -400
1 353 -496
1 407 -572
1 496 -696
1 614 -857
1 659 -917
1 768 -1059
1 827 -1134
1 942 -1270
1 455 -639
1 509 -714
