1 64 -71
1 1925 -2410
1 1355 -1874
1 682 -972
1 1730 -2310
1 172 -248
1 1084 -1520
1 1568 -2137
1 1823 -2390
1 91 -127
1 398 -571
1 847 -1199
1 1227 -1710
1 1504 -2059
1 1661 -2240
1 1790 -2365
1 1850 -2399
1 69 -85
1 117 -167
1 254 -366
1 542 -775
1 771 -1095
1 942 -1328
1 1192 -1664
1 1304 -1809
1 1412 -1945
1 1539 -2102
1 1600 -2174
1 1694 -2275
1 1770 -2347
1 1808 -2380
1 1837 -2395
1 1905 -2409
1 66 -77
1 83 -113
1 105 -149
1 140 -201
1 215 -310
1 310 -446
1 489 -700
1 615 -878
1 734 -1044
1 825 -1169
1 911 -1286
1 1058 -1485
1 1336 -1850
1 1379 -1904
1 1462 -2007
1 1530 -2091
1 1553 -2119
1 1648 -2226
1 1677 -2257
1 1711 -2292
1 1745 -2324
1 1834 -2394
1 1871 -2403
1 96 -135
1 157 -226
1 348 -500
1 453 -649
1 593 -847
1 647 -923
1 872 -1233
1 990 -1393
1 1899 -2408
