1 72 -85
1 2182 -2634
1 1671 -2284
1 831 -1175
1 1939 -2555
1 257 -369
1 1279 -1781
1 1815 -2448
1 2060 -2619
1 118 -165
1 566 -807
1 1097 -1538
1 1457 -2012
1 1747 -2373
1 1891 -2518
1 2009 -2596
1 2115 -2629
1 89 -118
1 175 -250
1 463 -662
1 703 -998
1 991 -1394
1 1155 -1616
1 1326 -1843
1 1511 -2081
1 1702 -2321
1 1769 -2398
1 1865 -2495
1 1904 -2529
1 1970 -2575
1 2042 -2612
1 2080 -2624
1 2163 -2633
1 80 -102
1 102 -140
1 144 -204
1 216 -310
1 325 -466
1 519 -741
1 639 -909
1 789 -1117
1 871 -1230
1 1035 -1454
1 1120 -1569
1 1227 -1712
1 1304 -1814
1 1401 -1940
1 1489 -2053
1 1600 -2194
1 1733 -2357
1 1790 -2421
1 1852 -2483
1 1876 -2505
1 1925 -2545
1 1956 -2566
1 2017 -2600
1 2051 -2616
1 2070 -2622
1 2138 -2631
1 73 -88
1 85 -111
1 96 -130
1 107 -148
1 205 -294
1 225 -323
1 271 -389
1 382 -547
1 497 -710
1 586 -835
1 667 -948
1 742 -1052
1 909 -1282
1 1080 -1515
1 1360 -1887
1 1548 -2128
1 1641 -2246
1 1834 -2466
1 432 -618
