1 37 -241
1 799 -2474
1 303 -1932
1 130 -1150
1 522 -2349
1 66 -652
1 215 -1606
1 414 -2213
1 661 -2443
1 52 -490
1 99 -934
1 176 -1415
1 254 -1762
1 359 -2092
1 471 -2292
1 598 -2413
1 712 -2462
1 43 -350
1 53 -504
1 84 -813
1 110 -1015
1 150 -1271
1 194 -1510
1 229 -1664
1 284 -1870
1 330 -2011
1 387 -2157
1 434 -2244
1 482 -2305
1 563 -2387
1 624 -2426
1 685 -2453
1 762 -2471
1 40 -297
1 47 -416
1 58 -561
1 76 -742
1 90 -863
1 123 -1105
1 136 -1188
1 163 -1344
1 186 -1468
1 202 -1547
1 220 -1627
1 244 -1723
1 260 -1784
1 341 -2042
1 373 -2125
1 422 -2227
1 449 -2264
1 540 -2366
1 741 -2468
1 125 -1118
1 138 -1200
1 153 -1288
1 231 -1672
