Complete graph 
 38 nodes
 703 arcs
 1 2 55 -60
 1 3 21 -64
 1 4 22 -29
 1 5 0 0
 1 6 40 -49
 1 7 5 0
 1 8 1 0
 1 9 23 -17
 1 10 36 -50
 1 11 48 -53
 1 12 67 -60
 1 13 15 -26
 1 14 5 -1
 1 15 3 -5
 1 16 42 -12
 1 17 16 -72
 1 18 64 -74
 1 19 44 -29
 1 20 21 -4
 1 21 16 -12
 1 22 8 -94
 1 23 80 -39
 1 24 16 -63
 1 25 7 -15
 1 26 11 -50
 1 27 0 0
 1 28 21 -89
 1 29 36 -83
 1 30 27 -33
 1 31 41 -6
 1 32 13 -34
 1 33 1 -4
 1 34 21 -80
 1 35 14 -31
 1 36 66 -66
 1 37 20 -16
 1 38 27 -10
 2 3 69 -20
 2 4 43 -30
 2 5 42 -3
 2 6 9 -2
 2 7 75 -17
 2 8 16 -23
 2 9 18 -64
 2 10 19 -2
 2 11 28 -5
 2 12 17 -73
 2 13 55 -14
 2 14 41 -90
 2 15 38 -6
 2 16 30 -65
 2 17 18 -95
 2 18 25 -24
 2 19 33 -20
 2 20 6 -1
 2 21 53 -61
 2 22 45 -20
 2 23 14 -20
 2 24 83 -25
 2 25 30 -80
 2 26 56 -78
 2 27 0 0
 2 28 0 -4
 2 29 51 -80
 2 30 80 -15
 2 31 8 -36
 2 32 46 -61
 2 33 10 -25
 2 34 48 -64
 2 35 3 -1
 2 36 75 -47
 2 37 83 -17
 2 38 33 -61
 3 4 48 -85
 3 5 0 -2
 3 6 38 -26
 3 7 8 -48
 3 8 52 -17
 3 9 1 -5
 3 10 4 -9
 3 11 17 -2
 3 12 9 -4
 3 13 1 -4
 3 14 98 -9
 3 15 23 -88
 3 16 59 -26
 3 17 22 -17
 3 18 23 -48
 3 19 72 -43
 3 20 1 -5
 3 21 0 0
 3 22 36 -4
 3 23 0 0
 3 24 67 -59
 3 25 49 -58
 3 26 7 -4
 3 27 12 -96
 3 28 52 -20
 3 29 31 -68
 3 30 64 -49
 3 31 16 -18
 3 32 8 -9
 3 33 11 -36
 3 34 1 -1
 3 35 5 -17
 3 36 6 -40
 3 37 69 -36
 3 38 58 -45
 4 5 1 0
 4 6 37 -51
 4 7 55 -47
 4 8 16 -45
 4 9 6 -28
 4 10 45 -60
 4 11 2 -18
 4 12 24 -74
 4 13 13 -57
 4 14 20 -84
 4 15 51 -55
 4 16 50 -72
 4 17 13 -30
 4 18 23 -35
 4 19 54 -54
 4 20 21 -25
 4 21 45 -6
 4 22 73 -43
 4 23 79 -57
 4 24 47 -13
 4 25 27 -24
 4 26 2 -5
 4 27 27 -3
 4 28 82 -45
 4 29 18 -48
 4 30 57 -13
 4 31 44 -44
 4 32 16 -31
 4 33 59 -16
 4 34 39 -22
 4 35 61 -34
 4 36 38 -6
 4 37 40 -84
 4 38 54 -14
 5 6 24 -13
 5 7 64 -68
 5 8 14 -66
 5 9 24 -27
 5 10 27 -43
 5 11 25 -33
 5 12 16 -9
 5 13 55 -30
 5 14 32 -84
 5 15 38 -6
 5 16 68 -19
 5 17 44 -23
 5 18 0 -1
 5 19 18 -13
 5 20 54 -12
 5 21 19 -53
 5 22 91 -17
 5 23 11 -11
 5 24 83 -24
 5 25 52 -29
 5 26 35 -24
 5 27 41 -67
 5 28 21 -15
 5 29 35 -3
 5 30 10 -69
 5 31 5 -2
 5 32 51 -16
 5 33 6 -2
 5 34 10 -5
 5 35 23 -30
 5 36 41 -68
 5 37 7 -2
 5 38 70 -41
 6 7 24 -59
 6 8 18 -33
 6 9 5 -3
 6 10 24 -22
 6 11 20 -48
 6 12 26 -94
 6 13 4 -21
 6 14 27 -37
 6 15 68 -24
 6 16 49 -31
 6 17 0 -2
 6 18 22 -3
 6 19 64 -24
 6 20 75 -19
 6 21 75 -7
 6 22 13 -8
 6 23 43 -18
 6 24 12 -13
 6 25 78 -45
 6 26 29 -25
 6 27 86 -44
 6 28 4 -6
 6 29 47 -9
 6 30 58 -67
 6 31 26 -51
 6 32 15 -79
 6 33 16 -64
 6 34 5 -2
 6 35 77 -9
 6 36 60 -34
 6 37 34 -60
 6 38 17 -9
 7 8 27 -38
 7 9 42 -71
 7 10 37 -67
 7 11 52 -71
 7 12 18 -48
 7 13 86 -8
 7 14 44 -11
 7 15 81 -13
 7 16 64 -49
 7 17 50 -9
 7 18 14 -17
 7 19 3 -28
 7 20 29 -26
 7 21 35 -26
 7 22 9 -26
 7 23 58 -68
 7 24 5 -10
 7 25 2 -3
 7 26 8 -7
 7 27 28 -54
 7 28 9 -18
 7 29 94 -22
 7 30 27 -43
 7 31 44 -73
 7 32 4 -17
 7 33 10 -16
 7 34 22 -19
 7 35 45 -68
 7 36 28 -17
 7 37 37 -9
 7 38 67 -62
 8 9 26 -5
 8 10 80 -35
 8 11 2 -5
 8 12 31 -11
 8 13 12 -2
 8 14 23 -36
 8 15 25 -49
 8 16 53 -17
 8 17 48 -12
 8 18 8 -16
 8 19 68 -26
 8 20 16 -29
 8 21 76 -17
 8 22 7 -15
 8 23 7 -22
 8 24 54 -57
 8 25 74 -56
 8 26 41 -35
 8 27 11 -96
 8 28 0 -5
 8 29 3 -7
 8 30 65 -50
 8 31 3 -4
 8 32 9 -75
 8 33 67 -10
 8 34 18 -46
 8 35 18 -2
 8 36 39 -4
 8 37 16 -90
 8 38 5 0
 9 10 25 -27
 9 11 16 -16
 9 12 6 -21
 9 13 23 -74
 9 14 15 -12
 9 15 67 -28
 9 16 21 -15
 9 17 24 -86
 9 18 16 -41
 9 19 33 -28
 9 20 44 -10
 9 21 55 -7
 9 22 44 -30
 9 23 1 -10
 9 24 10 -8
 9 25 21 -14
 9 26 38 -64
 9 27 77 -17
 9 28 1 -3
 9 29 78 -11
 9 30 12 -27
 9 31 53 -8
 9 32 16 -1
 9 33 62 -50
 9 34 48 -34
 9 35 22 -4
 9 36 7 -84
 9 37 46 -76
 9 38 54 -19
 10 11 79 -21
 10 12 38 -83
 10 13 45 -8
 10 14 62 -61
 10 15 36 -3
 10 16 48 -34
 10 17 52 -15
 10 18 41 -45
 10 19 36 -20
 10 20 42 -60
 10 21 48 -70
 10 22 10 -21
 10 23 55 -5
 10 24 27 -9
 10 25 80 -24
 10 26 55 -13
 10 27 7 -22
 10 28 22 -7
 10 29 32 -4
 10 30 58 -76
 10 31 34 -32
 10 32 1 0
 10 33 43 -23
 10 34 22 -6
 10 35 46 -66
 10 36 39 -43
 10 37 79 -56
 10 38 84 -20
 11 12 37 -84
 11 13 28 -37
 11 14 34 -31
 11 15 54 -41
 11 16 5 -1
 11 17 49 -21
 11 18 4 -9
 11 19 42 -35
 11 20 51 -80
 11 21 72 -55
 11 22 10 -9
 11 23 3 -26
 11 24 28 -91
 11 25 35 -22
 11 26 23 -84
 11 27 4 -45
 11 28 37 -22
 11 29 89 -13
 11 30 46 -36
 11 31 24 -18
 11 32 3 -9
 11 33 20 -3
 11 34 51 -15
 11 35 24 -17
 11 36 42 -53
 11 37 20 -31
 11 38 30 -22
 12 13 32 -30
 12 14 28 -82
 12 15 21 -5
 12 16 16 -12
 12 17 54 -21
 12 18 66 -61
 12 19 19 -24
 12 20 41 -65
 12 21 0 0
 12 22 16 -76
 12 23 39 -15
 12 24 35 -84
 12 25 14 -5
 12 26 4 -4
 12 27 46 -55
 12 28 34 -75
 12 29 16 -58
 12 30 57 -8
 12 31 43 -89
 12 32 37 -24
 12 33 34 -29
 12 34 36 -78
 12 35 2 -12
 12 36 20 -30
 12 37 44 -89
 12 38 41 -10
 13 14 4 -7
 13 15 59 -31
 13 16 80 -10
 13 17 51 -57
 13 18 11 -16
 13 19 75 -50
 13 20 44 -10
 13 21 42 -4
 13 22 16 -25
 13 23 10 -5
 13 24 81 -14
 13 25 20 -74
 13 26 24 -72
 13 27 72 -49
 13 28 78 -47
 13 29 14 -15
 13 30 54 -19
 13 31 25 -50
 13 32 0 0
 13 33 63 -26
 13 34 18 -62
 13 35 70 -15
 13 36 46 -73
 13 37 29 -17
 13 38 30 -77
 14 15 18 -4
 14 16 88 -38
 14 17 58 -29
 14 18 1 -2
 14 19 49 -10
 14 20 7 -36
 14 21 15 -95
 14 22 4 -4
 14 23 49 -41
 14 24 1 0
 14 25 31 -29
 14 26 27 -5
 14 27 31 -34
 14 28 13 -46
 14 29 2 -24
 14 30 79 -8
 14 31 31 -59
 14 32 5 -42
 14 33 36 -22
 14 34 48 -13
 14 35 18 -49
 14 36 54 -59
 14 37 13 -51
 14 38 34 -81
 15 16 76 -48
 15 17 0 0
 15 18 2 -5
 15 19 20 -55
 15 20 21 -3
 15 21 14 -41
 15 22 35 -64
 15 23 42 -21
 15 24 27 -67
 15 25 7 -20
 15 26 0 0
 15 27 40 -14
 15 28 7 -17
 15 29 0 -1
 15 30 48 -75
 15 31 64 -68
 15 32 77 -21
 15 33 34 -4
 15 34 49 -77
 15 35 13 -55
 15 36 16 -63
 15 37 27 -30
 15 38 24 -16
 16 17 16 -18
 16 18 26 -41
 16 19 4 -13
 16 20 21 -87
 16 21 29 -24
 16 22 7 -3
 16 23 58 -77
 16 24 36 -63
 16 25 11 -25
 16 26 55 -45
 16 27 59 -25
 16 28 63 -18
 16 29 0 0
 16 30 78 -43
 16 31 25 -45
 16 32 65 -61
 16 33 80 -34
 16 34 52 -68
 16 35 39 -46
 16 36 40 -66
 16 37 56 -43
 16 38 40 -39
 17 18 44 -68
 17 19 15 -36
 17 20 36 -17
 17 21 42 -17
 17 22 37 -65
 17 23 14 -29
 17 24 63 -20
 17 25 32 -37
 17 26 85 -12
 17 27 75 -37
 17 28 4 -24
 17 29 10 -53
 17 30 23 -30
 17 31 36 -54
 17 32 79 -33
 17 33 4 -36
 17 34 4 -2
 17 35 39 -8
 17 36 37 -47
 17 37 12 -12
 17 38 15 -45
 18 19 52 -43
 18 20 3 -3
 18 21 67 -68
 18 22 26 -38
 18 23 47 -66
 18 24 22 -23
 18 25 55 -8
 18 26 8 -43
 18 27 34 -7
 18 28 36 -59
 18 29 17 -78
 18 30 6 -3
 18 31 10 -6
 18 32 72 -47
 18 33 1 0
 18 34 17 -60
 18 35 21 -19
 18 36 1 -14
 18 37 0 0
 18 38 11 -25
 19 20 87 -12
 19 21 58 -7
 19 22 5 -2
 19 23 10 -73
 19 24 31 -17
 19 25 82 -14
 19 26 41 -48
 19 27 21 -62
 19 28 81 -8
 19 29 21 -30
 19 30 3 -4
 19 31 47 -48
 19 32 36 -53
 19 33 31 -46
 19 34 41 -49
 19 35 62 -65
 19 36 73 -43
 19 37 94 -17
 19 38 52 -12
 20 21 57 -8
 20 22 2 -7
 20 23 43 -38
 20 24 8 -26
 20 25 62 -8
 20 26 10 -14
 20 27 14 -19
 20 28 15 -23
 20 29 34 -60
 20 30 2 -6
 20 31 45 -25
 20 32 22 -13
 20 33 31 -23
 20 34 28 -2
 20 35 24 -12
 20 36 0 0
 20 37 9 -91
 20 38 17 -2
 21 22 46 -20
 21 23 23 -78
 21 24 1 -2
 21 25 29 -87
 21 26 2 -3
 21 27 34 -51
 21 28 13 -17
 21 29 63 -32
 21 30 10 -31
 21 31 15 -13
 21 32 44 -75
 21 33 25 -23
 21 34 0 0
 21 35 1 -12
 21 36 49 -29
 21 37 64 -47
 21 38 23 -39
 22 23 24 -15
 22 24 30 -41
 22 25 94 -26
 22 26 21 -86
 22 27 77 -17
 22 28 38 -18
 22 29 7 -13
 22 30 63 -29
 22 31 56 -17
 22 32 37 -91
 22 33 56 -68
 22 34 58 -54
 22 35 7 -11
 22 36 4 -18
 22 37 33 -26
 22 38 67 -11
 23 24 47 -79
 23 25 5 -3
 23 26 14 -2
 23 27 53 -26
 23 28 27 -54
 23 29 2 0
 23 30 32 -41
 23 31 11 -4
 23 32 53 -13
 23 33 18 -9
 23 34 5 -44
 23 35 10 -11
 23 36 51 -60
 23 37 10 -11
 23 38 57 -24
 24 25 72 -13
 24 26 2 -1
 24 27 21 -47
 24 28 17 -35
 24 29 17 -4
 24 30 51 -7
 24 31 62 -16
 24 32 85 -45
 24 33 14 -24
 24 34 17 -16
 24 35 36 -75
 24 36 64 -9
 24 37 19 -5
 24 38 8 -8
 25 26 15 -3
 25 27 20 -70
 25 28 44 -48
 25 29 93 -28
 25 30 18 -62
 25 31 74 -7
 25 32 64 -35
 25 33 79 -49
 25 34 27 -21
 25 35 32 -44
 25 36 51 -22
 25 37 57 -12
 25 38 33 -50
 26 27 49 -61
 26 28 55 -24
 26 29 28 -48
 26 30 46 -67
 26 31 17 -19
 26 32 93 -23
 26 33 6 -31
 26 34 67 -48
 26 35 35 -13
 26 36 46 -6
 26 37 43 -50
 26 38 19 -27
 27 28 4 -20
 27 29 8 -2
 27 30 2 0
 27 31 67 -14
 27 32 65 -29
 27 33 12 -22
 27 34 45 -8
 27 35 4 -7
 27 36 28 -9
 27 37 1 -3
 27 38 74 -24
 28 29 22 -70
 28 30 5 -9
 28 31 76 -55
 28 32 1 -1
 28 33 17 -34
 28 34 2 0
 28 35 47 -40
 28 36 36 -84
 28 37 6 -13
 28 38 44 -69
 29 30 10 -46
 29 31 21 -74
 29 32 8 -13
 29 33 3 -7
 29 34 14 -16
 29 35 64 -16
 29 36 0 0
 29 37 42 -44
 29 38 2 -4
 30 31 12 -56
 30 32 89 -35
 30 33 0 0
 30 34 19 -54
 30 35 17 -61
 30 36 38 -22
 30 37 5 -30
 30 38 26 -2
 31 32 31 -29
 31 33 3 -3
 31 34 3 -20
 31 35 22 -34
 31 36 26 -17
 31 37 5 -23
 31 38 63 -18
 32 33 17 -32
 32 34 14 -62
 32 35 98 -9
 32 36 35 -32
 32 37 19 -6
 32 38 0 0
 33 34 71 -15
 33 35 3 -15
 33 36 15 -57
 33 37 64 -33
 33 38 13 -77
 34 35 11 -24
 34 36 31 -14
 34 37 3 -1
 34 38 21 -97
 35 36 15 -95
 35 37 71 -42
 35 38 50 -73
 36 37 78 -10
 36 38 88 -39
 37 38 23 -71
