1 42 -145
1 637 -2099
1 263 -1742
1 96 -872
1 415 -2027
1 62 -521
1 175 -1368
1 294 -1839
1 466 -2066
1 49 -323
1 79 -723
1 132 -1115
1 222 -1580
1 279 -1794
1 360 -1956
1 437 -2045
1 577 -2095
1 46 -260
1 54 -409
1 70 -623
1 91 -835
1 116 -1012
1 148 -1212
1 207 -1515
1 255 -1714
1 336 -1917
1 382 -1989
1 441 -2048
1 551 -2089
1 599 -2097
1 44 -203
1 63 -534
1 75 -681
1 88 -808
1 105 -937
1 125 -1071
1 145 -1194
1 163 -1300
1 178 -1383
1 237 -1642
1 260 -1732
1 325 -1897
1 398 -2009
1 499 -2075
1 194 -1456
1 227 -1601
1 412 -2024
