1 99 -100
1 1655 -2084
1 1160 -1601
1 560 -799
1 1489 -1979
1 173 -240
1 828 -1165
1 1360 -1844
1 1577 -2050
1 115 -143
1 339 -483
1 645 -917
1 997 -1389
1 1266 -1733
1 1428 -1918
1 1527 -2014
1 1604 -2066
1 104 -118
1 144 -194
1 234 -330
1 435 -621
1 632 -899
1 745 -1053
1 888 -1245
1 1052 -1461
1 1234 -1694
1 1297 -1770
1 1393 -1881
1 1510 -1999
1 1551 -2032
1 1600 -2064
1 1631 -2077
1 102 -112
1 108 -128
1 127 -165
1 155 -212
1 179 -249
1 299 -425
1 529 -755
1 678 -962
1 779 -1099
1 953 -1331
1 1026 -1427
1 1142 -1578
1 1186 -1634
1 1243 -1705
1 1336 -1816
1 1382 -1869
1 1407 -1896
1 1558 -2037
1 1618 -2072
1 1648 -2083
1 113 -139
1 122 -156
1 134 -177
1 162 -223
1 219 -308
1 275 -390
1 449 -641
1 731 -1034
1 922 -1290
1 1367 -1852
