1 44 -219
1 1041 -3246
1 361 -2496
1 150 -1391
1 631 -3085
1 91 -887
1 248 -1997
1 518 -2901
1 787 -3192
1 66 -592
1 107 -1042
1 189 -1649
1 306 -2287
1 435 -2699
1 579 -3016
1 710 -3153
1 924 -3231
1 54 -410
1 72 -667
1 96 -940
1 126 -1202
1 169 -1522
1 218 -1827
1 275 -2136
1 330 -2391
1 392 -2583
1 487 -2830
1 549 -2967
1 603 -3051
1 670 -3123
1 763 -3182
1 858 -3214
1 971 -3240
1 48 -305
1 58 -473
1 69 -631
1 84 -807
1 93 -909
1 105 -1024
1 122 -1169
1 141 -1321
1 159 -1454
1 174 -1554
1 214 -1803
1 240 -1955
1 267 -2095
1 290 -2211
1 311 -2309
1 345 -2445
1 378 -2544
1 423 -2667
1 465 -2775
1 510 -2883
1 547 -2963
1 560 -2985
1 589 -3032
1 610 -3060
1 653 -3108
1 686 -3136
1 725 -3162
1 820 -3203
1 873 -3218
1 955 -3237
1 998 -3243
1 46 -264
1 53 -393
1 61 -518
1 79 -749
1 95 -930
1 115 -1110
1 130 -1234
1 200 -1717
1 237 -1938
1 254 -2028
1 300 -2259
1 406 -2621
1 532 -2931
1 646 -3101
1 742 -3171
1 798 -3196
1 837 -3208
1 1026 -3245
1 76 -714
1 231 -1903
