1 39 -228
1 927 -2029
1 261 -1555
1 133 -1052
1 543 -1915
1 75 -665
1 207 -1423
1 406 -1785
1 749 -2006
1 50 -421
1 94 -810
1 176 -1282
1 229 -1480
1 329 -1677
1 448 -1828
1 610 -1955
1 836 -2024
1 43 -321
1 61 -537
1 88 -766
1 111 -920
1 153 -1164
1 183 -1317
1 210 -1433
1 254 -1540
1 300 -1630
1 378 -1749
1 427 -1807
1 527 -1901
1 579 -1939
1 645 -1970
1 805 -2018
1 889 -2028
1 40 -263
1 49 -407
1 58 -506
1 69 -612
1 82 -720
1 92 -796
1 104 -875
1 139 -1087
1 156 -1180
1 192 -1357
1 289 -1609
1 324 -1669
1 351 -1711
1 466 -1845
1 536 -1909
1 568 -1932
1 726 -1999
1 772 -2011
1 846 -2025
1 42 -303
1 77 -681
1 276 -1584
1 491 -1868
1 689 -1986
1 873 -2027
1 706 -1992
