1 71 -75
1 2233 -2647
1 1656 -2235
1 913 -1279
1 1968 -2541
1 264 -375
1 1262 -1743
1 1867 -2460
1 2078 -2608
1 127 -173
1 610 -862
1 1143 -1588
1 1497 -2042
1 1804 -2397
1 1916 -2502
1 2025 -2580
1 2137 -2628
1 102 -133
1 197 -278
1 375 -533
1 730 -1028
1 1018 -1421
1 1205 -1669
1 1379 -1893
1 1604 -2173
1 1695 -2280
1 1893 -2483
1 1943 -2523
1 1998 -2562
1 2060 -2599
1 2091 -2613
1 2198 -2643
1 85 -103
1 118 -159
1 239 -339
1 337 -479
1 664 -937
1 821 -1153
1 986 -1378
1 1053 -1468
1 1182 -1639
1 1225 -1695
1 1332 -1833
1 1409 -1931
1 1576 -2139
1 1614 -2185
1 1667 -2248
1 1732 -2320
1 1877 -2469
1 1899 -2488
1 1926 -2510
1 1985 -2553
1 2045 -2591
1 2118 -2622
1 2189 -2641
1 2214 -2645
1 94 -119
1 113 -151
1 208 -294
1 248 -352
1 271 -385
1 449 -637
1 524 -742
1 651 -919
1 693 -977
1 778 -1094
1 902 -1264
1 955 -1336
1 1350 -1856
1 1451 -1984
1 1510 -2058
1 1706 -2292
1 1789 -2381
1 2223 -2646
1 105 -138
1 407 -578
1 577 -816
1 633 -894
1 856 -1201
1 1746 -2335
