1 70 -71
1 1651 -2040
1 1230 -1694
1 640 -906
1 1479 -1964
1 218 -307
1 935 -1310
1 1360 -1850
1 1570 -2024
1 115 -152
1 385 -547
1 789 -1112
1 1047 -1458
1 1314 -1798
1 1426 -1917
1 1516 -1993
1 1615 -2036
1 77 -90
1 139 -189
1 324 -460
1 511 -725
1 688 -973
1 860 -1209
1 1024 -1428
1 1210 -1669
1 1284 -1761
1 1349 -1838
1 1372 -1863
1 1460 -1948
1 1503 -1983
1 1560 -2019
1 1597 -2032
1 1632 -2039
1 74 -84
1 87 -107
1 124 -166
1 197 -276
1 249 -352
1 366 -520
1 445 -632
1 575 -815
1 709 -1002
1 827 -1164
1 894 -1255
1 984 -1375
1 1131 -1567
1 1259 -1730
1 1301 -1782
1 1319 -1804
1 1441 -1931
1 1529 -2001
1 1582 -2028
1 1601 -2033
1 72 -78
1 81 -97
1 100 -128
1 292 -414
1 938 -1314
1 1104 -1532
1 1148 -1589
1 1524 -1998
1 1541 -2008
1 1057 -1471
