1 50 -306
1 810 -2790
1 348 -2371
1 138 -1275
1 507 -2672
1 80 -773
1 242 -1919
1 409 -2516
1 629 -2755
1 61 -543
1 103 -998
1 193 -1637
1 289 -2148
1 366 -2424
1 484 -2647
1 589 -2734
1 721 -2781
1 53 -401
1 66 -614
1 88 -859
1 116 -1108
1 155 -1390
1 219 -1795
1 265 -2033
1 328 -2303
1 358 -2403
1 395 -2488
1 439 -2572
1 489 -2653
1 545 -2702
1 616 -2749
1 671 -2770
1 768 -2787
1 51 -351
1 60 -527
1 63 -573
1 74 -705
1 85 -827
1 95 -925
1 113 -1084
1 134 -1247
1 144 -1316
1 182 -1567
1 212 -1753
1 225 -1828
1 256 -1989
1 279 -2101
1 305 -2214
1 337 -2335
1 357 -2400
1 383 -2462
1 426 -2548
1 458 -2605
1 512 -2676
1 560 -2713
1 642 -2760
1 697 -2776
1 65 -601
1 99 -962
1 126 -1186
1 169 -1482
1 202 -1692
1 233 -1871
1 283 -2120
1 300 -2194
1 315 -2253
1 369 -2431
1 466 -2618
1 531 -2691
1 294 -2169
