Complete graph 
 26 nodes
 325 arcs
 1 2 36 -45
 1 3 55 -50
 1 4 21 -20
 1 5 32 -26
 1 6 55 -43
 1 7 37 -28
 1 8 53 -57
 1 9 19 -16
 1 10 62 -71
 1 11 18 -23
 1 12 66 -48
 1 13 70 -60
 1 14 24 -32
 1 15 26 -25
 1 16 16 -18
 1 17 43 -48
 1 18 56 -42
 1 19 5 -3
 1 20 69 -56
 1 21 16 -12
 1 22 41 -52
 1 23 39 -55
 1 24 7 -6
 1 25 25 -19
 1 26 43 -38
 2 3 46 -53
 2 4 27 -34
 2 5 27 -29
 2 6 21 -17
 2 7 28 -20
 2 8 50 -63
 2 9 28 -38
 2 10 31 -31
 2 11 53 -50
 2 12 30 -21
 2 13 53 -42
 2 14 27 -22
 2 15 16 -17
 2 16 27 -19
 2 17 13 -9
 2 18 25 -36
 2 19 46 -53
 2 20 39 -32
 2 21 34 -36
 2 22 47 -40
 2 23 55 -39
 2 24 36 -37
 2 25 52 -51
 2 26 40 -35
 3 4 5 -6
 3 5 55 -41
 3 6 37 -46
 3 7 30 -21
 3 8 54 -41
 3 9 39 -42
 3 10 19 -14
 3 11 25 -19
 3 12 31 -22
 3 13 37 -28
 3 14 3 -4
 3 15 30 -22
 3 16 17 -21
 3 17 16 -12
 3 18 27 -34
 3 19 14 -20
 3 20 29 -30
 3 21 62 -73
 3 22 57 -61
 3 23 47 -51
 3 24 60 -61
 3 25 67 -67
 3 26 44 -34
 4 5 1 -2
 4 6 13 -17
 4 7 41 -29
 4 8 52 -57
 4 9 3 -3
 4 10 14 -14
 4 11 51 -65
 4 12 2 -2
 4 13 22 -28
 4 14 72 -53
 4 15 51 -40
 4 16 55 -39
 4 17 21 -17
 4 18 23 -19
 4 19 6 -5
 4 20 34 -28
 4 21 35 -31
 4 22 73 -64
 4 23 25 -18
 4 24 48 -36
 4 25 65 -50
 4 26 30 -22
 5 6 14 -15
 5 7 7 -9
 5 8 9 -10
 5 9 28 -28
 5 10 4 -5
 5 11 39 -41
 5 12 49 -35
 5 13 44 -44
 5 14 11 -10
 5 15 72 -54
 5 16 19 -25
 5 17 75 -62
 5 18 56 -57
 5 19 41 -36
 5 20 24 -27
 5 21 8 -6
 5 22 51 -45
 5 23 14 -12
 5 24 1 -1
 5 25 37 -47
 5 26 43 -32
 6 7 23 -27
 6 8 7 -7
 6 9 51 -51
 6 10 64 -68
 6 11 4 -4
 6 12 12 -15
 6 13 25 -33
 6 14 12 -16
 6 15 18 -13
 6 16 53 -64
 6 17 29 -37
 6 18 20 -28
 6 19 44 -60
 6 20 15 -13
 6 21 52 -49
 6 22 17 -23
 6 23 27 -24
 6 24 7 -6
 6 25 42 -54
 6 26 46 -32
 7 8 14 -10
 7 9 1 -1
 7 10 43 -35
 7 11 7 -10
 7 12 29 -29
 7 13 31 -39
 7 14 37 -28
 7 15 60 -63
 7 16 16 -18
 7 17 9 -12
 7 18 18 -24
 7 19 12 -11
 7 20 18 -18
 7 21 19 -27
 7 22 41 -31
 7 23 61 -49
 7 24 51 -37
 7 25 57 -68
 7 26 11 -14
 8 9 30 -37
 8 10 36 -25
 8 11 61 -69
 8 12 40 -50
 8 13 32 -41
 8 14 18 -20
 8 15 53 -48
 8 16 51 -49
 8 17 27 -34
 8 18 38 -35
 8 19 35 -39
 8 20 23 -29
 8 21 43 -49
 8 22 29 -41
 8 23 55 -72
 8 24 51 -64
 8 25 20 -27
 8 26 33 -34
 9 10 3 -4
 9 11 31 -23
 9 12 5 -6
 9 13 44 -61
 9 14 52 -70
 9 15 39 -33
 9 16 33 -41
 9 17 11 -11
 9 18 63 -59
 9 19 24 -19
 9 20 30 -33
 9 21 22 -30
 9 22 28 -22
 9 23 67 -55
 9 24 67 -49
 9 25 66 -51
 9 26 17 -20
 10 11 46 -38
 10 12 46 -43
 10 13 38 -40
 10 14 48 -41
 10 15 2 -1
 10 16 61 -48
 10 17 4 -4
 10 18 12 -14
 10 19 48 -34
 10 20 47 -55
 10 21 63 -56
 10 22 38 -48
 10 23 41 -33
 10 24 24 -28
 10 25 55 -67
 10 26 20 -21
 11 12 4 -3
 11 13 42 -43
 11 14 3 -5
 11 15 56 -49
 11 16 38 -52
 11 17 56 -63
 11 18 50 -62
 11 19 41 -39
 11 20 5 -4
 11 21 45 -35
 11 22 0 0
 11 23 43 -49
 11 24 33 -25
 11 25 6 -7
 11 26 68 -70
 12 13 25 -18
 12 14 38 -45
 12 15 11 -15
 12 16 78 -57
 12 17 19 -19
 12 18 49 -58
 12 19 21 -24
 12 20 56 -57
 12 21 37 -43
 12 22 2 -2
 12 23 21 -17
 12 24 1 -2
 12 25 16 -16
 12 26 52 -40
 13 14 11 -14
 13 15 55 -50
 13 16 6 -6
 13 17 41 -51
 13 18 59 -62
 13 19 69 -59
 13 20 25 -18
 13 21 5 -4
 13 22 18 -18
 13 23 12 -15
 13 24 46 -57
 13 25 43 -37
 13 26 44 -61
 14 15 10 -14
 14 16 24 -33
 14 17 65 -63
 14 18 27 -20
 14 19 65 -63
 14 20 45 -47
 14 21 44 -59
 14 22 52 -45
 14 23 1 -1
 14 24 7 -7
 14 25 6 -8
 14 26 70 -56
 15 16 64 -52
 15 17 66 -63
 15 18 24 -26
 15 19 63 -77
 15 20 41 -53
 15 21 12 -9
 15 22 44 -61
 15 23 8 -9
 15 24 31 -33
 15 25 28 -20
 15 26 45 -59
 16 17 17 -17
 16 18 29 -25
 16 19 5 -5
 16 20 17 -16
 16 21 14 -12
 16 22 57 -44
 16 23 58 -48
 16 24 55 -50
 16 25 75 -61
 16 26 26 -37
 17 18 50 -38
 17 19 57 -50
 17 20 4 -6
 17 21 51 -71
 17 22 65 -66
 17 23 0 0
 17 24 35 -32
 17 25 30 -31
 17 26 5 -4
 18 19 28 -39
 18 20 46 -42
 18 21 11 -10
 18 22 38 -40
 18 23 24 -22
 18 24 52 -53
 18 25 59 -47
 18 26 17 -12
 19 20 16 -22
 19 21 18 -25
 19 22 21 -16
 19 23 12 -14
 19 24 23 -24
 19 25 31 -22
 19 26 39 -38
 20 21 33 -25
 20 22 45 -50
 20 23 56 -78
 20 24 66 -54
 20 25 44 -62
 20 26 18 -23
 21 22 56 -48
 21 23 60 -51
 21 24 18 -21
 21 25 52 -53
 21 26 2 -2
 22 23 18 -26
 22 24 41 -56
 22 25 38 -29
 22 26 29 -41
 23 24 27 -39
 23 25 55 -46
 23 26 16 -15
 24 25 40 -37
 24 26 59 -44
 25 26 11 -13
