1 30 -164
1 737 -2493
1 276 -1970
1 131 -1191
1 483 -2393
1 65 -597
1 211 -1705
1 357 -2194
1 589 -2462
1 44 -360
1 106 -988
1 168 -1452
1 249 -1874
1 322 -2108
1 404 -2281
1 521 -2430
1 637 -2479
1 38 -282
1 53 -470
1 84 -781
1 116 -1078
1 147 -1307
1 182 -1537
1 234 -1809
1 265 -1932
1 302 -2052
1 335 -2140
1 391 -2259
1 459 -2365
1 511 -2423
1 571 -2454
1 622 -2474
1 667 -2485
1 34 -226
1 50 -434
1 58 -524
1 69 -637
1 100 -932
1 119 -1102
1 141 -1264
1 155 -1363
1 181 -1531
1 207 -1683
1 213 -1715
1 244 -1853
1 252 -1885
1 281 -1986
1 359 -2198
1 434 -2328
1 531 -2435
1 608 -2469
1 675 -2486
1 31 -180
1 54 -481
1 75 -695
1 93 -866
1 196 -1619
1 217 -1733
1 370 -2219
1 418 -2303
1 448 -2349
1 710 -2490
