1 34 -172
1 853 -2710
1 357 -2144
1 163 -1256
1 545 -2568
1 63 -522
1 259 -1761
1 442 -2373
1 677 -2666
1 39 -274
1 106 -865
1 210 -1515
1 318 -2003
1 399 -2267
1 487 -2472
1 610 -2631
1 755 -2694
1 35 -207
1 51 -406
1 77 -638
1 135 -1073
1 177 -1339
1 224 -1588
1 277 -1839
1 328 -2042
1 378 -2207
1 419 -2320
1 465 -2424
1 520 -2531
1 585 -2611
1 645 -2650
1 715 -2681
1 805 -2705
1 36 -226
1 45 -341
1 54 -437
1 74 -614
1 95 -780
1 123 -989
1 144 -1134
1 174 -1322
1 186 -1388
1 235 -1643
1 264 -1783
1 347 -2109
1 389 -2239
1 415 -2310
1 446 -2382
1 504 -2503
1 538 -2558
1 596 -2620
1 742 -2690
1 784 -2701
1 49 -385
1 59 -485
1 87 -717
1 103 -842
1 115 -931
1 140 -1107
1 160 -1237
1 183 -1372
1 196 -1441
1 250 -1717
1 146 -1147
