1 60 -62
1 1449 -1749
1 940 -1294
1 419 -594
1 1272 -1647
1 150 -207
1 714 -1001
1 1111 -1489
1 1385 -1726
1 91 -118
1 264 -374
1 604 -852
1 796 -1110
1 1015 -1383
1 1161 -1540
1 1310 -1679
1 1422 -1743
1 68 -80
1 98 -129
1 215 -303
1 322 -457
1 545 -770
1 634 -893
1 774 -1081
1 911 -1258
1 990 -1354
1 1069 -1444
1 1130 -1509
1 1227 -1604
1 1288 -1661
1 1336 -1696
1 1402 -1735
1 1434 -1747
1 61 -65
1 83 -105
1 177 -247
1 228 -322
1 303 -430
1 375 -532
1 454 -643
1 591 -834
1 671 -943
1 844 -1172
1 996 -1361
1 1044 -1416
1 1196 -1574
1 1357 -1709
1 1439 -1748
1 66 -76
1 198 -278
1 280 -397
1 346 -491
1 392 -556
1 507 -717
1 651 -916
1 872 -1208
