1 52 -289
1 852 -2805
1 322 -2332
1 163 -1459
1 514 -2698
1 89 -831
1 257 -2051
1 430 -2588
1 683 -2783
1 58 -460
1 118 -1105
1 198 -1696
1 289 -2215
1 372 -2472
1 464 -2644
1 626 -2758
1 759 -2797
1 55 -389
1 75 -679
1 102 -959
1 131 -1213
1 169 -1504
1 225 -1861
1 278 -2162
1 307 -2281
1 344 -2397
1 397 -2524
1 444 -2614
1 497 -2680
1 558 -2722
1 662 -2776
1 730 -2792
1 830 -2804
1 53 -327
1 57 -441
1 64 -545
1 78 -713
1 94 -882
1 112 -1052
1 127 -1181
1 145 -1322
1 193 -1664
1 213 -1788
1 247 -1993
1 270 -2120
1 283 -2187
1 293 -2231
1 329 -2354
1 351 -2416
1 382 -2494
1 418 -2565
1 789 -2800
1 56 -417
1 69 -607
1 83 -767
1 100 -940
1 108 -1015
1 137 -1260
1 153 -1383
1 182 -1591
1 337 -2377
1 173 -1531
