1 113 -113
1 1740 -2035
1 1261 -1709
1 555 -778
1 1521 -1971
1 189 -256
1 1039 -1433
1 1413 -1881
1 1634 -2024
1 127 -151
1 342 -478
1 771 -1075
1 1156 -1583
1 1366 -1830
1 1480 -1940
1 1577 -2003
1 1685 -2031
1 118 -133
1 162 -212
1 252 -349
1 469 -658
1 643 -900
1 848 -1179
1 1079 -1485
1 1213 -1652
1 1329 -1788
1 1393 -1860
1 1436 -1902
1 1500 -1956
1 1569 -1999
1 1600 -2012
1 1645 -2026
1 1716 -2034
1 142 -178
1 174 -232
1 219 -301
1 291 -405
1 375 -525
1 494 -693
1 586 -821
1 713 -996
1 788 -1098
1 962 -1331
1 1055 -1454
1 1178 -1610
1 1239 -1683
1 1291 -1744
1 1415 -1883
1 1451 -1915
1 1526 -1974
1 1587 -2007
1 1622 -2020
1 1668 -2029
1 1705 -2033
1 114 -118
1 117 -130
1 134 -164
1 423 -593
1 532 -746
1 667 -933
1 746 -1041
1 1014 -1400
1 1119 -1536
1 1141 -1564
1 1169 -1599
1 1550 -1988
1 1660 -2028
