1 56 -63
1 1983 -2346
1 1473 -2010
1 808 -1139
1 1752 -2285
1 202 -288
1 1177 -1636
1 1639 -2195
1 1861 -2334
1 91 -126
1 517 -734
1 1027 -1438
1 1350 -1859
1 1558 -2109
1 1701 -2249
1 1794 -2310
1 1916 -2343
1 67 -87
1 149 -212
1 340 -484
1 690 -976
1 886 -1246
1 1113 -1552
1 1286 -1778
1 1397 -1918
1 1543 -2092
1 1608 -2164
1 1686 -2237
1 1731 -2271
1 1779 -2302
1 1822 -2322
1 1882 -2339
1 1952 -2345
1 61 -75
1 84 -115
1 121 -171
1 172 -245
1 242 -345
1 463 -658
1 647 -916
1 747 -1055
1 851 -1198
1 952 -1336
1 1057 -1478
1 1148 -1598
1 1226 -1700
1 1316 -1816
1 1369 -1883
1 1447 -1979
1 1496 -2037
1 1596 -2151
1 1653 -2208
1 1720 -2263
1 1766 -2294
1 1810 -2317
1 1844 -2329
1 1906 -2342
1 1931 -2344
1 58 -68
1 76 -102
1 223 -318
1 292 -416
1 393 -559
1 485 -689
1 713 -1008
1 776 -1095
1 1088 -1519
1 1203 -1670
1 1419 -1945
1 1567 -2119
1 1774 -2299
1 1803 -2314
1 1854 -2332
1 434 -617
