1 109 -119
1 1625 -2019
1 1147 -1575
1 460 -645
1 1466 -1936
1 242 -335
1 807 -1124
1 1332 -1798
1 1545 -1999
1 152 -197
1 361 -505
1 606 -849
1 984 -1363
1 1257 -1711
1 1401 -1873
1 1527 -1988
1 1598 -2016
1 116 -136
1 194 -263
1 281 -391
1 380 -532
1 575 -806
1 699 -977
1 912 -1266
1 1100 -1515
1 1220 -1666
1 1291 -1751
1 1363 -1833
1 1434 -1906
1 1493 -1960
1 1540 -1996
1 1558 -2004
1 1603 -2017
1 110 -124
1 138 -174
1 165 -218
1 309 -431
1 409 -573
1 656 -918
1 732 -1022
1 875 -1216
1 978 -1355
1 1038 -1434
1 1124 -1546
1 1199 -1640
1 1238 -1688
1 1279 -1737
1 1310 -1773
1 1376 -1847
1 1485 -1953
1 1517 -1980
1 1549 -2001
1 1577 -2010
1 128 -157
1 144 -184
1 183 -246
1 768 -1071
1 932 -1293
1 1022 -1413
1 1064 -1468
1 1262 -1717
1 1317 -1781
1 1476 -1945
1 793 -1105
