1 55 -71
1 2177 -2610
1 1608 -2194
1 844 -1192
1 1920 -2516
1 261 -377
1 1255 -1743
1 1820 -2430
1 2048 -2588
1 122 -177
1 614 -874
1 1109 -1550
1 1505 -2067
1 1736 -2340
1 1870 -2475
1 1992 -2562
1 2120 -2606
1 82 -116
1 154 -224
1 454 -650
1 732 -1038
1 959 -1348
1 1160 -1618
1 1394 -1924
1 1558 -2133
1 1651 -2244
1 1780 -2388
1 1831 -2441
1 1896 -2497
1 1960 -2543
1 2016 -2574
1 2080 -2598
1 2133 -2608
1 64 -87
1 100 -144
1 141 -205
1 207 -300
1 352 -506
1 701 -995
1 817 -1155
1 877 -1237
1 1045 -1464
1 1220 -1697
1 1334 -1846
1 1456 -2004
1 1529 -2097
1 1598 -2182
1 1630 -2220
1 1694 -2293
1 1767 -2374
1 1798 -2407
1 1848 -2456
1 1945 -2533
1 1968 -2548
1 2029 -2580
1 2066 -2594
1 2152 -2609
1 61 -82
1 72 -100
1 170 -247
1 235 -340
1 316 -455
1 381 -547
1 660 -938
1 719 -1020
1 761 -1078
1 908 -1279
1 1071 -1499
1 1182 -1647
1 1291 -1790
1 1571 -2149
1 1719 -2321
1 1746 -2351
1 1985 -2558
1 56 -73
1 398 -571
1 1268 -1760
