1 37 -184
1 858 -2414
1 356 -2001
1 160 -1251
1 538 -2303
1 83 -719
1 241 -1610
1 411 -2141
1 678 -2375
1 47 -344
1 128 -1048
1 185 -1381
1 317 -1875
1 385 -2079
1 482 -2243
1 599 -2344
1 748 -2396
1 39 -241
1 66 -553
1 97 -828
1 145 -1161
1 176 -1338
1 209 -1483
1 264 -1694
1 340 -1950
1 370 -2039
1 398 -2112
1 456 -2207
1 520 -2287
1 583 -2335
1 647 -2364
1 704 -2384
1 786 -2403
1 38 -218
1 42 -282
1 56 -445
1 74 -634
1 90 -776
1 108 -908
1 143 -1148
1 148 -1180
1 169 -1301
1 177 -1343
1 193 -1416
1 233 -1579
1 249 -1640
1 292 -1790
1 404 -2126
1 443 -2188
1 474 -2232
1 512 -2278
1 573 -2328
1 739 -2394
1 825 -2409
1 40 -255
1 46 -332
1 50 -378
1 71 -604
1 79 -682
1 92 -791
1 198 -1437
1 262 -1687
1 428 -2166
1 487 -2249
1 82 -710
