1 84 -92
1 1472 -1737
1 1054 -1443
1 548 -774
1 1263 -1660
1 168 -234
1 833 -1161
1 1154 -1557
1 1354 -1709
1 104 -131
1 333 -472
1 659 -927
1 968 -1337
1 1122 -1522
1 1198 -1602
1 1293 -1679
1 1432 -1732
1 94 -113
1 143 -195
1 245 -346
1 452 -640
1 602 -849
1 766 -1071
1 913 -1266
1 1023 -1406
1 1076 -1469
1 1143 -1545
1 1181 -1585
1 1256 -1655
1 1332 -1699
1 1385 -1720
1 1453 -1736
1 85 -95
1 100 -124
1 110 -141
1 155 -214
1 279 -395
1 410 -581
1 482 -682
1 571 -806
1 626 -882
1 711 -997
1 795 -1110
1 852 -1186
1 923 -1279
1 1011 -1391
1 1038 -1424
1 1102 -1499
1 1210 -1613
1 1312 -1689
1 1347 -1706
1 1368 -1714
1 1404 -1725
1 148 -203
1 181 -253
1 236 -333
1 293 -415
1 381 -540
1 520 -735
1 884 -1228
