Complete graph 
 26 nodes
 325 arcs
 1 2 21 -79
 1 3 36 -78
 1 4 42 -22
 1 5 90 -14
 1 6 7 -26
 1 7 0 0
 1 8 64 -41
 1 9 12 -59
 1 10 19 -2
 1 11 8 -8
 1 12 52 -18
 1 13 29 -24
 1 14 56 -48
 1 15 55 -57
 1 16 81 -39
 1 17 37 -7
 1 18 34 -24
 1 19 71 -52
 1 20 4 -21
 1 21 9 -3
 1 22 2 -1
 1 23 6 -28
 1 24 88 -23
 1 25 6 -50
 1 26 14 -61
 2 3 7 -87
 2 4 34 -20
 2 5 72 -49
 2 6 41 -10
 2 7 39 -14
 2 8 41 -73
 2 9 54 -25
 2 10 69 -8
 2 11 79 -23
 2 12 52 -14
 2 13 2 -1
 2 14 78 -25
 2 15 80 -12
 2 16 52 -7
 2 17 40 -79
 2 18 21 -20
 2 19 61 -77
 2 20 14 -16
 2 21 37 -25
 2 22 48 -83
 2 23 38 -49
 2 24 1 -2
 2 25 66 -59
 2 26 39 -6
 3 4 50 -14
 3 5 52 -48
 3 6 25 -5
 3 7 38 -14
 3 8 11 -36
 3 9 9 -6
 3 10 22 -6
 3 11 48 -78
 3 12 8 -74
 3 13 74 -53
 3 14 3 -6
 3 15 79 -9
 3 16 5 -23
 3 17 7 -69
 3 18 81 -49
 3 19 8 -57
 3 20 6 -1
 3 21 30 -68
 3 22 15 -4
 3 23 46 -76
 3 24 3 -1
 3 25 13 -23
 3 26 21 -91
 4 5 34 -49
 4 6 31 -81
 4 7 13 -2
 4 8 77 -33
 4 9 84 -20
 4 10 4 -39
 4 11 6 -43
 4 12 1 -1
 4 13 25 -60
 4 14 84 -27
 4 15 34 -77
 4 16 21 -57
 4 17 24 -27
 4 18 42 -16
 4 19 33 -36
 4 20 36 -53
 4 21 26 -35
 4 22 66 -45
 4 23 21 -19
 4 24 39 -41
 4 25 21 -12
 4 26 38 -4
 5 6 88 -8
 5 7 50 -35
 5 8 18 -60
 5 9 50 -74
 5 10 7 -8
 5 11 42 -73
 5 12 1 -14
 5 13 84 -32
 5 14 15 -53
 5 15 3 -3
 5 16 13 -14
 5 17 45 -38
 5 18 52 -6
 5 19 11 -56
 5 20 3 -4
 5 21 29 -30
 5 22 62 -9
 5 23 6 -63
 5 24 52 -30
 5 25 0 -2
 5 26 15 -14
 6 7 2 -12
 6 8 37 -48
 6 9 36 -8
 6 10 38 -8
 6 11 0 0
 6 12 13 -38
 6 13 3 -7
 6 14 1 -1
 6 15 2 -7
 6 16 6 0
 6 17 40 -34
 6 18 16 -10
 6 19 11 -61
 6 20 6 -15
 6 21 55 -38
 6 22 2 -7
 6 23 41 -60
 6 24 43 -65
 6 25 13 -41
 6 26 10 -11
 7 8 6 -27
 7 9 7 -1
 7 10 85 -40
 7 11 20 -60
 7 12 7 -3
 7 13 65 -9
 7 14 2 -1
 7 15 40 -5
 7 16 78 -39
 7 17 47 -59
 7 18 41 -87
 7 19 8 -48
 7 20 21 -12
 7 21 7 -20
 7 22 20 -37
 7 23 3 -33
 7 24 54 -58
 7 25 26 -31
 7 26 3 -2
 8 9 54 -75
 8 10 16 -27
 8 11 12 -10
 8 12 36 -11
 8 13 15 -23
 8 14 70 -30
 8 15 57 -39
 8 16 5 -21
 8 17 69 -38
 8 18 31 -45
 8 19 79 -55
 8 20 9 -7
 8 21 5 -2
 8 22 17 -11
 8 23 6 -2
 8 24 42 -31
 8 25 16 -6
 8 26 2 -1
 9 10 28 -27
 9 11 1 -3
 9 12 9 -74
 9 13 64 -46
 9 14 72 -39
 9 15 84 -39
 9 16 55 -7
 9 17 10 -5
 9 18 41 -14
 9 19 24 -72
 9 20 28 -54
 9 21 15 -13
 9 22 39 -66
 9 23 4 -4
 9 24 74 -29
 9 25 10 -22
 9 26 54 -61
 10 11 12 -85
 10 12 50 -42
 10 13 2 -1
 10 14 0 -2
 10 15 91 -30
 10 16 87 -9
 10 17 4 -8
 10 18 36 -53
 10 19 13 -44
 10 20 4 0
 10 21 35 -30
 10 22 3 -23
 10 23 24 -9
 10 24 9 -3
 10 25 1 -12
 10 26 45 -70
 11 12 7 -28
 11 13 82 -17
 11 14 11 -14
 11 15 83 -20
 11 16 18 -26
 11 17 19 -22
 11 18 39 -67
 11 19 3 0
 11 20 73 -58
 11 21 87 -39
 11 22 3 -4
 11 23 51 -81
 11 24 53 -30
 11 25 9 -7
 11 26 28 -16
 12 13 65 -7
 12 14 24 -19
 12 15 5 -22
 12 16 2 -2
 12 17 59 -11
 12 18 23 -50
 12 19 13 -83
 12 20 26 -18
 12 21 40 -39
 12 22 13 -2
 12 23 8 -27
 12 24 9 -45
 12 25 1 0
 12 26 44 -17
 13 14 8 -5
 13 15 13 -58
 13 16 39 -41
 13 17 33 -20
 13 18 23 -84
 13 19 22 -37
 13 20 35 -21
 13 21 18 -70
 13 22 60 -22
 13 23 73 -54
 13 24 78 -55
 13 25 63 -76
 13 26 63 -50
 14 15 30 -46
 14 16 50 -10
 14 17 34 -35
 14 18 25 -34
 14 19 33 -22
 14 20 37 -46
 14 21 12 -13
 14 22 83 -40
 14 23 6 -42
 14 24 26 -8
 14 25 53 -22
 14 26 1 -12
 15 16 21 -85
 15 17 67 -17
 15 18 46 -75
 15 19 13 -2
 15 20 13 -17
 15 21 6 -4
 15 22 49 -76
 15 23 20 -79
 15 24 24 -58
 15 25 23 -2
 15 26 90 -18
 16 17 37 -36
 16 18 24 -49
 16 19 63 -40
 16 20 16 -97
 16 21 18 -19
 16 22 45 -20
 16 23 78 -34
 16 24 48 -52
 16 25 15 -13
 16 26 50 -25
 17 18 1 -5
 17 19 41 -39
 17 20 68 -32
 17 21 1 0
 17 22 49 -58
 17 23 61 -5
 17 24 57 -19
 17 25 15 -2
 17 26 12 -95
 18 19 47 -30
 18 20 27 -4
 18 21 21 -22
 18 22 11 -29
 18 23 22 -12
 18 24 7 -31
 18 25 94 -15
 18 26 11 -18
 19 20 9 -92
 19 21 8 -88
 19 22 28 -70
 19 23 5 -36
 19 24 2 -23
 19 25 5 -5
 19 26 2 -5
 20 21 21 -53
 20 22 18 -35
 20 23 24 -42
 20 24 49 -48
 20 25 47 -41
 20 26 10 -34
 21 22 12 -12
 21 23 7 -12
 21 24 0 -2
 21 25 2 -10
 21 26 18 -15
 22 23 52 -30
 22 24 66 -50
 22 25 65 -56
 22 26 30 -93
 23 24 2 -8
 23 25 34 -58
 23 26 73 -41
 24 25 25 -66
 24 26 9 -18
 25 26 18 -63
