1 31 -168
1 865 -2780
1 370 -2252
1 134 -1203
1 565 -2613
1 83 -771
1 263 -1865
1 458 -2446
1 713 -2736
1 51 -432
1 99 -925
1 188 -1507
1 298 -2011
1 416 -2360
1 535 -2577
1 640 -2685
1 800 -2775
1 40 -295
1 65 -585
1 92 -858
1 118 -1080
1 159 -1352
1 230 -1712
1 285 -1960
1 334 -2134
1 397 -2318
1 442 -2415
1 510 -2536
1 612 -2660
1 676 -2714
1 731 -2745
1 828 -2779
1 32 -186
1 45 -359
1 59 -521
1 76 -700
1 114 -1048
1 128 -1159
1 150 -1300
1 174 -1434
1 207 -1601
1 248 -1796
1 281 -1943
1 286 -1964
1 312 -2060
1 349 -2184
1 382 -2282
1 428 -2386
1 450 -2431
1 464 -2457
1 519 -2551
1 624 -2671
1 672 -2711
1 685 -2720
1 760 -2758
1 35 -228
1 49 -408
1 73 -669
1 108 -999
1 148 -1288
1 161 -1363
1 191 -1522
1 219 -1659
1 303 -2029
