1 71 -72
1 2138 -2689
1 1615 -2233
1 804 -1148
1 1957 -2618
1 267 -382
1 1245 -1751
1 1799 -2456
1 2058 -2673
1 133 -182
1 459 -659
1 1013 -1437
1 1413 -1973
1 1736 -2384
1 1879 -2541
1 1998 -2647
1 2104 -2687
1 83 -97
1 191 -270
1 319 -458
1 681 -975
1 928 -1320
1 1155 -1630
1 1368 -1914
1 1517 -2108
1 1709 -2351
1 1768 -2421
1 1833 -2493
1 1932 -2594
1 1975 -2632
1 2026 -2660
1 2089 -2684
1 2116 -2688
1 73 -78
1 128 -174
1 151 -210
1 216 -307
1 297 -426
1 410 -589
1 513 -736
1 744 -1064
1 889 -1266
1 949 -1349
1 1096 -1550
1 1172 -1653
1 1263 -1775
1 1400 -1956
1 1463 -2038
1 1552 -2153
1 1649 -2276
1 1761 -2413
1 1808 -2466
1 1967 -2626
1 1990 -2642
1 2013 -2654
1 2043 -2667
1 2071 -2678
1 78 -88
1 104 -133
1 362 -520
1 617 -884
1 710 -1016
1 840 -1198
1 1071 -1516
1 1110 -1569
1 1204 -1696
1 1340 -1877
1 1500 -2086
1 1574 -2181
1 662 -948
1 1303 -1828
