1 33 -137
1 680 -2035
1 233 -1573
1 107 -945
1 433 -1950
1 59 -516
1 173 -1340
1 335 -1827
1 510 -2000
1 40 -276
1 73 -666
1 142 -1177
1 210 -1498
1 291 -1733
1 365 -1870
1 487 -1987
1 591 -2023
1 38 -243
1 52 -436
1 65 -581
1 91 -821
1 133 -1123
1 155 -1248
1 191 -1423
1 226 -1551
1 270 -1677
1 322 -1802
1 349 -1849
1 421 -1937
1 456 -1966
1 555 -2013
1 632 -2030
1 34 -162
1 39 -260
1 45 -347
1 58 -505
1 71 -645
1 81 -737
1 119 -1029
1 146 -1199
1 160 -1274
1 185 -1397
1 194 -1435
1 241 -1596
1 282 -1710
1 296 -1745
1 324 -1806
1 388 -1898
1 619 -2028
1 640 -2031
1 49 -398
1 85 -771
1 130 -1103
1 170 -1325
1 305 -1765
1 374 -1881
