1 56 -62
1 1942 -2340
1 1496 -2047
1 783 -1103
1 1698 -2246
1 230 -327
1 1271 -1763
1 1601 -2162
1 1850 -2321
1 101 -139
1 422 -599
1 1035 -1447
1 1370 -1890
1 1559 -2120
1 1663 -2220
1 1769 -2286
1 1898 -2334
1 68 -87
1 158 -223
1 368 -523
1 652 -921
1 939 -1317
1 1189 -1654
1 1290 -1788
1 1456 -1998
1 1551 -2111
1 1640 -2199
1 1679 -2233
1 1727 -2264
1 1808 -2304
1 1866 -2327
1 1924 -2338
1 58 -68
1 76 -100
1 132 -185
1 196 -278
1 282 -401
1 385 -547
1 739 -1042
1 866 -1217
1 984 -1378
1 1107 -1544
1 1234 -1714
1 1337 -1848
1 1432 -1968
1 1469 -2014
1 1526 -2082
1 1623 -2183
1 1755 -2279
1 1792 -2297
1 1827 -2312
1 1879 -2330
1 1910 -2336
1 1932 -2339
1 64 -80
1 71 -92
1 83 -111
1 109 -151
1 169 -239
1 244 -347
1 332 -472
1 698 -985
1 770 -1085
1 815 -1147
1 901 -1265
1 1078 -1505
1 1397 -1924
1 1736 -2269
