1 86 -87
1 1928 -2345
1 1211 -1671
1 545 -776
1 1660 -2188
1 133 -179
1 882 -1246
1 1471 -1982
1 1770 -2277
1 100 -123
1 365 -519
1 782 -1108
1 1047 -1465
1 1366 -1859
1 1579 -2103
1 1718 -2239
1 1865 -2324
1 91 -104
1 126 -168
1 216 -302
1 459 -654
1 651 -925
1 849 -1201
1 1001 -1405
1 1137 -1579
1 1293 -1771
1 1409 -1910
1 1524 -2042
1 1594 -2119
1 1700 -2224
1 1746 -2261
1 1825 -2306
1 1912 -2342
1 88 -95
1 93 -109
1 105 -132
1 159 -218
1 259 -365
1 417 -594
1 497 -708
1 572 -814
1 676 -960
1 828 -1172
1 857 -1212
1 920 -1297
1 1027 -1439
1 1075 -1501
1 1173 -1624
1 1256 -1726
1 1326 -1811
1 1387 -1884
1 1433 -1938
1 1516 -2033
1 1559 -2081
1 1615 -2141
1 1675 -2202
1 1738 -2255
1 1753 -2266
1 1801 -2294
1 1842 -2314
1 1886 -2333
1 201 -280
1 281 -397
1 383 -545
1 609 -866
1 810 -1147
1 868 -1227
1 1098 -1530
1 1194 -1650
1 1279 -1754
1 1458 -1967
1 1541 -2061
1 1637 -2164
1 1765 -2274
1 1784 -2285
1 1906 -2340
