1 81 -87
1 1710 -2008
1 1183 -1612
1 686 -969
1 1467 -1901
1 282 -398
1 1030 -1427
1 1335 -1782
1 1590 -1975
1 110 -145
1 439 -624
1 860 -1204
1 1117 -1534
1 1282 -1726
1 1390 -1837
1 1513 -1934
1 1647 -1997
1 132 -178
1 376 -534
1 609 -862
1 746 -1051
1 922 -1286
1 1085 -1495
1 1232 -1669
1 1308 -1754
1 1422 -1864
1 1502 -1927
1 1552 -1956
1 1634 -1993
1 1680 -2004
1 86 -101
1 102 -132
1 342 -485
1 408 -580
1 647 -915
1 705 -995
1 789 -1109
1 964 -1341
1 1068 -1474
1 1207 -1640
1 1266 -1708
1 1292 -1737
1 1410 -1854
1 1445 -1883
1 1475 -1907
1 1537 -1948
1 1606 -1982
1 1659 -2000
1 1699 -2007
1 83 -94
1 98 -125
1 183 -253
1 256 -360
1 304 -430
1 735 -1036
1 827 -1160
1 1000 -1388
1 1616 -1986
1 82 -91
1 213 -297
