1 61 -59
1 1413 -1799
1 1089 -1505
1 389 -546
1 1253 -1690
1 124 -163
1 758 -1060
1 1175 -1610
1 1375 -1787
1 82 -99
1 275 -384
1 560 -785
1 935 -1301
1 1127 -1553
1 1226 -1663
1 1314 -1743
1 1387 -1793
1 67 -73
1 92 -115
1 195 -268
1 319 -447
1 464 -651
1 644 -902
1 868 -1210
1 1054 -1459
1 1142 -1571
1 1193 -1629
1 1304 -1735
1 1333 -1757
1 1407 -1798
1 63 -65
1 72 -82
1 176 -240
1 237 -329
1 350 -491
1 517 -725
1 734 -1027
1 810 -1131
1 904 -1259
1 962 -1337
1 1273 -1708
1 1365 -1780
1 151 -203
1 338 -474
1 367 -515
