1 68 -81
1 2153 -2701
1 1507 -2083
1 770 -1098
1 1920 -2553
1 184 -268
1 1100 -1551
1 1720 -2340
1 2036 -2651
1 98 -139
1 541 -777
1 987 -1398
1 1304 -1821
1 1605 -2204
1 1831 -2463
1 1988 -2614
1 2105 -2688
1 81 -108
1 285 -413
1 602 -863
1 850 -1209
1 1065 -1504
1 1217 -1707
1 1453 -2015
1 1551 -2138
1 1646 -2253
1 1759 -2384
1 1853 -2486
1 1954 -2585
1 2017 -2638
1 2058 -2664
1 2130 -2697
1 70 -86
1 88 -121
1 103 -147
1 160 -233
1 236 -343
1 372 -537
1 558 -801
1 747 -1066
1 788 -1123
1 905 -1285
1 1023 -1447
1 1278 -1787
1 1360 -1894
1 1625 -2228
1 1696 -2312
1 1750 -2374
1 1818 -2449
1 1940 -2572
1 1975 -2603
1 2007 -2630
1 2027 -2645
1 2049 -2659
1 2075 -2673
1 2120 -2694
1 2142 -2700
1 122 -176
1 220 -320
1 332 -480
1 448 -645
1 884 -1256
1 942 -1336
1 1249 -1749
1 1327 -1851
1 1413 -1963
1 1679 -2292
1 1778 -2405
1 2044 -2656
1 498 -716
1 529 -760
