1 63 -69
1 2148 -2657
1 1610 -2224
1 859 -1213
1 1925 -2553
1 318 -447
1 1289 -1802
1 1763 -2400
1 2052 -2632
1 132 -178
1 641 -907
1 1041 -1464
1 1475 -2049
1 1687 -2316
1 1843 -2481
1 1983 -2595
1 2106 -2651
1 71 -86
1 214 -297
1 462 -653
1 736 -1041
1 932 -1314
1 1188 -1665
1 1366 -1905
1 1550 -2147
1 1655 -2278
1 1742 -2378
1 1786 -2424
1 1880 -2515
1 1959 -2579
1 2000 -2605
1 2064 -2637
1 2120 -2654
1 67 -79
1 78 -97
1 147 -200
1 232 -323
1 408 -576
1 519 -734
1 699 -989
1 811 -1146
1 877 -1238
1 977 -1376
1 1125 -1579
1 1241 -1737
1 1327 -1853
1 1434 -1995
1 1514 -2100
1 1598 -2209
1 1702 -2333
1 1857 -2494
1 1904 -2536
1 1943 -2567
1 2036 -2624
1 2135 -2656
1 68 -81
1 167 -229
1 371 -523
1 488 -690
1 629 -890
1 1087 -1527
1 1166 -1635
1 1213 -1699
1 1403 -1954
1 1930 -2557
1 2017 -2614
1 341 -480
