Complete graph 
 26 nodes
 325 arcs
 1 2 40 -52
 1 3 38 -41
 1 4 17 -15
 1 5 31 -22
 1 6 54 -74
 1 7 25 -23
 1 8 42 -34
 1 9 32 -35
 1 10 23 -30
 1 11 59 -51
 1 12 32 -22
 1 13 40 -34
 1 14 17 -13
 1 15 41 -55
 1 16 23 -20
 1 17 65 -68
 1 18 23 -20
 1 19 32 -31
 1 20 16 -17
 1 21 30 -40
 1 22 10 -10
 1 23 60 -76
 1 24 22 -18
 1 25 42 -59
 1 26 5 -7
 2 3 28 -21
 2 4 65 -52
 2 5 31 -22
 2 6 73 -59
 2 7 23 -26
 2 8 56 -59
 2 9 66 -52
 2 10 61 -67
 2 11 20 -18
 2 12 23 -23
 2 13 50 -59
 2 14 72 -58
 2 15 31 -22
 2 16 51 -50
 2 17 18 -13
 2 18 23 -17
 2 19 3 -4
 2 20 24 -30
 2 21 23 -29
 2 22 23 -30
 2 23 17 -18
 2 24 3 -4
 2 25 30 -26
 2 26 47 -41
 3 4 28 -28
 3 5 40 -40
 3 6 49 -53
 3 7 11 -8
 3 8 27 -34
 3 9 46 -55
 3 10 15 -22
 3 11 32 -37
 3 12 5 -7
 3 13 23 -25
 3 14 17 -16
 3 15 51 -67
 3 16 47 -60
 3 17 15 -18
 3 18 50 -64
 3 19 74 -55
 3 20 69 -51
 3 21 71 -67
 3 22 0 0
 3 23 34 -24
 3 24 67 -64
 3 25 51 -39
 3 26 17 -20
 4 5 43 -34
 4 6 32 -22
 4 7 0 0
 4 8 25 -30
 4 9 52 -53
 4 10 33 -34
 4 11 63 -56
 4 12 50 -50
 4 13 31 -23
 4 14 74 -58
 4 15 37 -36
 4 16 42 -30
 4 17 17 -20
 4 18 21 -23
 4 19 41 -29
 4 20 2 -3
 4 21 56 -59
 4 22 54 -73
 4 23 67 -57
 4 24 31 -40
 4 25 29 -28
 4 26 60 -50
 5 6 8 -6
 5 7 55 -53
 5 8 24 -31
 5 9 64 -50
 5 10 50 -70
 5 11 6 -7
 5 12 40 -32
 5 13 25 -22
 5 14 10 -8
 5 15 47 -39
 5 16 10 -8
 5 17 43 -58
 5 18 50 -50
 5 19 23 -16
 5 20 0 0
 5 21 64 -50
 5 22 13 -12
 5 23 32 -25
 5 24 36 -26
 5 25 27 -32
 5 26 51 -38
 6 7 63 -51
 6 8 29 -22
 6 9 45 -61
 6 10 76 -54
 6 11 21 -17
 6 12 65 -50
 6 13 30 -37
 6 14 8 -10
 6 15 48 -62
 6 16 22 -18
 6 17 15 -16
 6 18 26 -28
 6 19 72 -55
 6 20 21 -16
 6 21 41 -56
 6 22 6 -9
 6 23 35 -48
 6 24 64 -47
 6 25 17 -15
 6 26 47 -37
 7 8 39 -50
 7 9 42 -33
 7 10 14 -18
 7 11 56 -56
 7 12 52 -48
 7 13 72 -55
 7 14 76 -54
 7 15 28 -29
 7 16 28 -33
 7 17 68 -61
 7 18 33 -26
 7 19 11 -8
 7 20 26 -21
 7 21 12 -15
 7 22 3 -2
 7 23 38 -33
 7 24 8 -7
 7 25 11 -11
 7 26 12 -12
 8 9 27 -33
 8 10 27 -21
 8 11 56 -68
 8 12 18 -18
 8 13 37 -30
 8 14 52 -57
 8 15 35 -29
 8 16 38 -27
 8 17 29 -23
 8 18 51 -58
 8 19 17 -17
 8 20 35 -34
 8 21 58 -53
 8 22 58 -40
 8 23 47 -35
 8 24 58 -66
 8 25 10 -12
 8 26 39 -39
 9 10 28 -26
 9 11 71 -63
 9 12 5 -5
 9 13 13 -16
 9 14 8 -8
 9 15 64 -46
 9 16 20 -28
 9 17 13 -15
 9 18 63 -66
 9 19 64 -50
 9 20 34 -48
 9 21 41 -56
 9 22 9 -12
 9 23 6 -6
 9 24 9 -8
 9 25 2 -1
 9 26 37 -29
 10 11 20 -17
 10 12 21 -28
 10 13 7 -7
 10 14 67 -62
 10 15 9 -12
 10 16 42 -52
 10 17 52 -52
 10 18 8 -9
 10 19 66 -50
 10 20 50 -57
 10 21 41 -54
 10 22 43 -32
 10 23 25 -20
 10 24 21 -17
 10 25 47 -59
 10 26 38 -35
 11 12 32 -26
 11 13 10 -13
 11 14 42 -45
 11 15 27 -20
 11 16 50 -62
 11 17 32 -46
 11 18 2 -1
 11 19 2 -1
 11 20 5 -6
 11 21 18 -12
 11 22 9 -11
 11 23 61 -50
 11 24 30 -23
 11 25 7 -10
 11 26 4 -3
 12 13 16 -19
 12 14 5 -7
 12 15 17 -15
 12 16 26 -23
 12 17 22 -22
 12 18 13 -13
 12 19 32 -36
 12 20 34 -41
 12 21 7 -8
 12 22 17 -23
 12 23 31 -40
 12 24 45 -41
 12 25 58 -44
 12 26 5 -8
 13 14 42 -52
 13 15 15 -17
 13 16 31 -31
 13 17 22 -18
 13 18 76 -58
 13 19 52 -68
 13 20 47 -33
 13 21 20 -24
 13 22 14 -16
 13 23 30 -30
 13 24 31 -33
 13 25 41 -29
 13 26 11 -12
 14 15 24 -32
 14 16 39 -40
 14 17 47 -39
 14 18 46 -55
 14 19 56 -66
 14 20 24 -27
 14 21 12 -16
 14 22 64 -70
 14 23 12 -16
 14 24 1 -1
 14 25 62 -46
 14 26 2 -2
 15 16 57 -55
 15 17 40 -45
 15 18 30 -22
 15 19 19 -24
 15 20 30 -31
 15 21 6 -8
 15 22 50 -44
 15 23 4 -5
 15 24 65 -50
 15 25 24 -33
 15 26 72 -62
 16 17 7 -5
 16 18 60 -68
 16 19 43 -42
 16 20 14 -12
 16 21 30 -30
 16 22 16 -15
 16 23 43 -36
 16 24 11 -8
 16 25 36 -32
 16 26 32 -37
 17 18 22 -24
 17 19 0 0
 17 20 40 -44
 17 21 26 -21
 17 22 17 -16
 17 23 69 -68
 17 24 42 -33
 17 25 29 -27
 17 26 36 -39
 18 19 76 -55
 18 20 66 -69
 18 21 11 -16
 18 22 27 -24
 18 23 38 -46
 18 24 17 -15
 18 25 26 -20
 18 26 3 -3
 19 20 52 -66
 19 21 53 -71
 19 22 71 -50
 19 23 24 -22
 19 24 40 -56
 19 25 3 -4
 19 26 9 -10
 20 21 21 -15
 20 22 11 -12
 20 23 48 -51
 20 24 78 -57
 20 25 1 -1
 20 26 46 -49
 21 22 19 -25
 21 23 43 -49
 21 24 39 -33
 21 25 59 -55
 21 26 38 -31
 22 23 32 -42
 22 24 12 -10
 22 25 41 -32
 22 26 69 -68
 23 24 36 -31
 23 25 57 -48
 23 26 4 -4
 24 25 50 -35
 24 26 38 -34
 25 26 51 -40
