1 68 -70
1 1254 -1450
1 868 -1159
1 513 -708
1 1102 -1400
1 187 -253
1 657 -899
1 987 -1294
1 1172 -1433
1 92 -113
1 336 -464
1 610 -838
1 777 -1049
1 962 -1267
1 1047 -1352
1 1137 -1419
1 1208 -1444
1 73 -82
1 114 -146
1 281 -387
1 396 -547
1 544 -750
1 629 -863
1 726 -986
1 825 -1108
1 900 -1196
1 974 -1280
1 1014 -1321
1 1068 -1371
1 1112 -1406
1 1160 -1429
1 1191 -1439
1 1224 -1447
1 71 -78
1 150 -199
1 229 -313
1 354 -489
1 433 -598
1 527 -727
1 687 -937
1 803 -1081
1 941 -1243
1 1033 -1339
1 1091 -1391
1 1146 -1423
1 133 -174
1 176 -237
1 710 -966
