1 89 -93
1 1911 -2398
1 1409 -1939
1 592 -836
1 1710 -2293
1 186 -255
1 1058 -1479
1 1593 -2167
1 1806 -2365
1 108 -135
1 387 -546
1 816 -1147
1 1203 -1672
1 1480 -2028
1 1672 -2256
1 1747 -2326
1 1874 -2393
1 92 -104
1 127 -166
1 246 -343
1 475 -671
1 709 -999
1 917 -1286
1 1162 -1618
1 1316 -1819
1 1464 -2008
1 1566 -2134
1 1624 -2203
1 1687 -2271
1 1721 -2303
1 1779 -2349
1 1843 -2382
1 1888 -2396
1 91 -101
1 103 -126
1 120 -155
1 146 -195
1 220 -305
1 282 -395
1 427 -603
1 550 -777
1 635 -896
1 748 -1053
1 845 -1187
1 944 -1323
1 1087 -1518
1 1184 -1647
1 1279 -1771
1 1377 -1898
1 1497 -2049
1 1659 -2242
1 1769 -2342
1 1793 -2358
1 1822 -2373
1 1865 -2390
1 1882 -2395
1 1897 -2397
1 323 -454
1 408 -576
1 504 -712
1 572 -808
1 691 -974
1 1226 -1702
1 1360 -1876
1 1391 -1916
1 1540 -2102
1 1751 -2329
1 1851 -2385