1 93 -110
1 1983 -2325
1 1318 -1791
1 689 -970
1 1670 -2154
1 332 -472
1 1104 -1527
1 1526 -2020
1 1840 -2279
1 128 -173
1 511 -724
1 918 -1280
1 1188 -1635
1 1429 -1916
1 1600 -2093
1 1760 -2225
1 1899 -2308
1 100 -129
1 228 -321
1 384 -546
1 596 -842
1 768 -1078
1 1017 -1412
1 1154 -1592
1 1238 -1696
1 1374 -1855
1 1473 -1964
1 1576 -2070
1 1628 -2118
1 1729 -2201
1 1813 -2263
1 1870 -2295
1 1945 -2320
1 96 -120
1 119 -159
1 166 -230
1 274 -388
1 355 -505
1 416 -591
1 565 -799
1 625 -882
1 743 -1044
1 808 -1132
1 1091 -1510
1 1127 -1557
1 1180 -1625
1 1214 -1667
1 1263 -1726
1 1344 -1821
1 1410 -1895
1 1450 -1939
1 1507 -2000
1 1610 -2102
1 1643 -2131
1 1710 -2186
1 1752 -2219
1 1775 -2236
1 1822 -2269
1 1868 -2294
1 1893 -2306
1 1921 -2315
1 1972 -2324
1 94 -114
1 98 -125
1 105 -137
1 183 -255
1 252 -356
1 305 -433
1 348 -495
1 367 -522
1 724 -1018
1 860 -1202
1 1147 -1583
1 1165 -1606
1 1664 -2149
1 1789 -2246
1 1950 -2321
