Complete graph 
 30 nodes
 435 arcs
 1 2 15 -26
 1 3 63 -11
 1 4 46 -64
 1 5 75 -21
 1 6 56 -16
 1 7 78 -45
 1 8 52 -60
 1 9 8 -21
 1 10 0 0
 1 11 52 -25
 1 12 8 -91
 1 13 41 -23
 1 14 44 -41
 1 15 46 -41
 1 16 2 -8
 1 17 6 -5
 1 18 87 -14
 1 19 79 -52
 1 20 31 -5
 1 21 88 -12
 1 22 26 -94
 1 23 82 -19
 1 24 39 -20
 1 25 57 -68
 1 26 54 -37
 1 27 63 -42
 1 28 2 -1
 1 29 51 -85
 1 30 10 -32
 2 3 37 -57
 2 4 30 -15
 2 5 48 -24
 2 6 52 -40
 2 7 11 -81
 2 8 37 -66
 2 9 42 -25
 2 10 12 -1
 2 11 43 -34
 2 12 61 -58
 2 13 2 -15
 2 14 32 -94
 2 15 58 -43
 2 16 9 -10
 2 17 68 -64
 2 18 41 -4
 2 19 29 -36
 2 20 18 -11
 2 21 37 -31
 2 22 30 -3
 2 23 31 -37
 2 24 79 -18
 2 25 48 -33
 2 26 33 -27
 2 27 15 -11
 2 28 8 -27
 2 29 5 -4
 2 30 24 -12
 3 4 1 -5
 3 5 88 -42
 3 6 38 -88
 3 7 15 -84
 3 8 6 -17
 3 9 57 -48
 3 10 64 -55
 3 11 2 -2
 3 12 89 -14
 3 13 9 -8
 3 14 50 -13
 3 15 0 0
 3 16 5 -11
 3 17 46 -34
 3 18 37 -16
 3 19 22 -55
 3 20 22 -42
 3 21 17 -13
 3 22 26 -33
 3 23 11 -65
 3 24 9 -71
 3 25 57 -76
 3 26 35 -36
 3 27 33 -34
 3 28 1 -16
 3 29 41 -45
 3 30 3 -28
 4 5 10 -9
 4 6 21 -18
 4 7 32 -17
 4 8 30 -80
 4 9 29 -61
 4 10 19 -7
 4 11 14 -32
 4 12 37 -74
 4 13 37 -34
 4 14 12 -32
 4 15 26 -38
 4 16 7 -5
 4 17 43 -41
 4 18 13 -18
 4 19 54 -26
 4 20 14 -25
 4 21 42 -15
 4 22 30 -10
 4 23 29 -77
 4 24 46 -74
 4 25 5 -58
 4 26 64 -75
 4 27 78 -45
 4 28 26 -51
 4 29 13 -25
 4 30 15 -89
 5 6 39 -38
 5 7 47 -30
 5 8 10 -82
 5 9 37 -85
 5 10 46 -28
 5 11 30 -63
 5 12 37 -20
 5 13 0 0
 5 14 32 -28
 5 15 46 -77
 5 16 47 -8
 5 17 37 -84
 5 18 16 -74
 5 19 66 -71
 5 20 15 -62
 5 21 0 0
 5 22 19 -27
 5 23 46 -31
 5 24 67 -52
 5 25 49 -35
 5 26 2 -5
 5 27 32 -22
 5 28 5 -1
 5 29 0 -1
 5 30 13 -22
 6 7 7 -3
 6 8 9 -2
 6 9 28 -33
 6 10 4 -3
 6 11 88 -20
 6 12 0 0
 6 13 27 -87
 6 14 20 -7
 6 15 55 -28
 6 16 2 -26
 6 17 18 -12
 6 18 93 -17
 6 19 7 -82
 6 20 9 -18
 6 21 26 -53
 6 22 26 -65
 6 23 8 -54
 6 24 22 -61
 6 25 83 -43
 6 26 20 -87
 6 27 13 -90
 6 28 34 -72
 6 29 57 -61
 6 30 18 -19
 7 8 36 -21
 7 9 41 -14
 7 10 38 -28
 7 11 18 -35
 7 12 63 -8
 7 13 18 -20
 7 14 0 -3
 7 15 42 -87
 7 16 22 -78
 7 17 3 -18
 7 18 9 -22
 7 19 16 -3
 7 20 47 -13
 7 21 32 -71
 7 22 47 -50
 7 23 31 -5
 7 24 47 -41
 7 25 16 -46
 7 26 84 -18
 7 27 6 -10
 7 28 40 -81
 7 29 17 -7
 7 30 34 -58
 8 9 8 -63
 8 10 31 -57
 8 11 33 -9
 8 12 39 -15
 8 13 44 -62
 8 14 43 -24
 8 15 34 -5
 8 16 16 -78
 8 17 9 -19
 8 18 21 -74
 8 19 2 -13
 8 20 43 -58
 8 21 53 -74
 8 22 62 -66
 8 23 30 -29
 8 24 20 -4
 8 25 2 -2
 8 26 42 -51
 8 27 71 -46
 8 28 51 -84
 8 29 62 -19
 8 30 4 -19
 9 10 18 -6
 9 11 39 -19
 9 12 51 -29
 9 13 7 -36
 9 14 5 -38
 9 15 14 -25
 9 16 10 -22
 9 17 90 -11
 9 18 7 -1
 9 19 56 -21
 9 20 10 -56
 9 21 17 -51
 9 22 30 -10
 9 23 34 -13
 9 24 20 -47
 9 25 27 -86
 9 26 19 -5
 9 27 54 -71
 9 28 64 -8
 9 29 6 -21
 9 30 31 -84
 10 11 0 -1
 10 12 50 -40
 10 13 58 -71
 10 14 97 -15
 10 15 31 -14
 10 16 76 -30
 10 17 38 -78
 10 18 67 -50
 10 19 19 -21
 10 20 55 -52
 10 21 85 -13
 10 22 65 -31
 10 23 78 -33
 10 24 58 -34
 10 25 17 -18
 10 26 27 -80
 10 27 67 -52
 10 28 24 -20
 10 29 28 -24
 10 30 7 -6
 11 12 7 -13
 11 13 76 -57
 11 14 82 -28
 11 15 38 -23
 11 16 22 -9
 11 17 14 -37
 11 18 2 -2
 11 19 0 0
 11 20 11 -30
 11 21 13 -18
 11 22 33 -7
 11 23 10 -39
 11 24 63 -60
 11 25 69 -71
 11 26 0 0
 11 27 28 -89
 11 28 17 -23
 11 29 19 -2
 11 30 21 -15
 12 13 67 -17
 12 14 54 -14
 12 15 31 -32
 12 16 43 -77
 12 17 55 -6
 12 18 29 -2
 12 19 16 -17
 12 20 78 -22
 12 21 54 -28
 12 22 47 -55
 12 23 40 -34
 12 24 1 0
 12 25 31 -47
 12 26 49 -55
 12 27 23 -37
 12 28 68 -72
 12 29 5 -5
 12 30 61 -62
 13 14 68 -64
 13 15 69 -43
 13 16 2 -10
 13 17 13 -74
 13 18 31 -25
 13 19 80 -14
 13 20 9 -36
 13 21 13 -33
 13 22 33 -17
 13 23 4 -2
 13 24 37 -39
 13 25 32 -14
 13 26 6 -38
 13 27 36 -64
 13 28 56 -63
 13 29 53 -12
 13 30 23 -21
 14 15 4 -32
 14 16 3 -11
 14 17 33 -43
 14 18 15 -17
 14 19 69 -14
 14 20 44 -84
 14 21 55 -6
 14 22 14 -37
 14 23 38 -16
 14 24 47 -15
 14 25 11 -48
 14 26 23 -32
 14 27 71 -16
 14 28 32 -64
 14 29 3 -13
 14 30 29 -24
 15 16 7 -14
 15 17 28 -57
 15 18 23 -94
 15 19 91 -37
 15 20 97 -10
 15 21 15 -4
 15 22 57 -64
 15 23 60 -31
 15 24 97 -13
 15 25 10 -33
 15 26 46 -7
 15 27 75 -19
 15 28 2 -1
 15 29 21 -23
 15 30 13 -17
 16 17 29 -38
 16 18 2 -2
 16 19 52 -40
 16 20 1 -1
 16 21 10 -3
 16 22 16 -70
 16 23 45 -25
 16 24 59 -30
 16 25 42 -24
 16 26 21 -19
 16 27 37 -58
 16 28 5 -55
 16 29 11 -41
 16 30 15 -85
 17 18 73 -25
 17 19 30 -6
 17 20 30 -77
 17 21 81 -17
 17 22 89 -20
 17 23 46 -12
 17 24 20 -71
 17 25 0 -1
 17 26 19 -11
 17 27 3 0
 17 28 39 -76
 17 29 61 -37
 17 30 69 -57
 18 19 50 -28
 18 20 2 0
 18 21 17 -7
 18 22 12 -86
 18 23 7 -81
 18 24 19 -58
 18 25 17 -8
 18 26 9 -43
 18 27 24 -70
 18 28 6 -6
 18 29 2 -6
 18 30 9 -58
 19 20 75 -32
 19 21 27 -35
 19 22 11 -12
 19 23 3 -15
 19 24 46 -65
 19 25 8 -18
 19 26 8 -3
 19 27 85 -9
 19 28 73 -39
 19 29 4 -18
 19 30 37 -8
 20 21 39 -4
 20 22 7 -67
 20 23 42 -47
 20 24 6 -20
 20 25 87 -10
 20 26 6 -5
 20 27 3 -22
 20 28 27 -8
 20 29 45 -7
 20 30 38 -25
 21 22 61 -59
 21 23 47 -20
 21 24 51 -23
 21 25 63 -51
 21 26 36 -53
 21 27 80 -50
 21 28 12 -20
 21 29 9 -37
 21 30 9 -2
 22 23 12 -53
 22 24 24 -18
 22 25 21 -34
 22 26 3 -14
 22 27 68 -20
 22 28 29 -48
 22 29 0 -10
 22 30 11 -16
 23 24 7 -1
 23 25 31 -20
 23 26 95 -13
 23 27 76 -29
 23 28 18 -55
 23 29 57 -81
 23 30 6 -12
 24 25 31 -72
 24 26 13 -6
 24 27 21 -44
 24 28 36 -55
 24 29 28 -9
 24 30 31 -41
 25 26 48 -78
 25 27 11 -18
 25 28 64 -21
 25 29 50 -19
 25 30 12 -9
 26 27 36 -51
 26 28 70 -32
 26 29 7 -2
 26 30 24 -5
 27 28 46 -83
 27 29 4 -6
 27 30 14 -2
 28 29 11 -31
 28 30 78 -21
 29 30 60 -60
