1 46 -264
1 987 -3177
1 409 -2582
1 196 -1674
1 680 -3065
1 92 -891
1 294 -2173
1 557 -2906
1 764 -3128
1 63 -580
1 130 -1210
1 254 -1992
1 337 -2347
1 490 -2779
1 608 -2985
1 716 -3096
1 913 -3173
1 52 -403
1 72 -696
1 104 -1001
1 169 -1498
1 214 -1777
1 264 -2042
1 325 -2301
1 382 -2497
1 427 -2634
1 521 -2840
1 569 -2927
1 625 -3006
1 688 -3073
1 732 -3108
1 836 -3152
1 943 -3176
1 47 -292
1 56 -475
1 69 -658
1 81 -787
1 102 -984
1 115 -1091
1 156 -1403
1 180 -1570
1 201 -1704
1 236 -1896
1 272 -2078
1 311 -2244
1 348 -2385
1 394 -2535
1 419 -2612
1 458 -2707
1 537 -2870
1 584 -2950
1 663 -3047
1 711 -3092
1 762 -3127
1 879 -3164
1 930 -3175
1 49 -338
1 54 -440
1 58 -507
1 76 -737
1 85 -825
1 123 -1155
1 132 -1225
1 226 -1842
1 287 -2143
1 441 -2667
1 477 -2750
1 601 -2975
1 650 -3033
1 857 -3158
1 921 -3174
1 62 -566
