1 27 -83
1 847 -2808
1 309 -2107
1 121 -1100
1 540 -2657
1 49 -462
1 207 -1647
1 418 -2412
1 678 -2773
1 35 -272
1 87 -838
1 166 -1401
1 268 -1943
1 367 -2279
1 474 -2539
1 593 -2714
1 758 -2801
1 28 -137
1 42 -368
1 70 -679
1 97 -923
1 138 -1218
1 230 -1764
1 291 -2041
1 340 -2202
1 391 -2343
1 435 -2452
1 507 -2605
1 564 -2685
1 629 -2742
1 731 -2794
1 796 -2806
1 31 -200
1 36 -286
1 63 -608
1 78 -756
1 93 -890
1 110 -1020
1 131 -1170
1 158 -1350
1 175 -1456
1 205 -1636
1 219 -1709
1 256 -1888
1 278 -1986
1 306 -2097
1 321 -2144
1 352 -2237
1 377 -2306
1 406 -2382
1 429 -2438
1 454 -2495
1 525 -2636
1 608 -2726
1 643 -2751
1 699 -2782
1 771 -2803
1 811 -2807
1 33 -237
1 68 -659
1 84 -811
1 149 -1291
1 240 -1812
1 261 -1911
1 516 -2621
1 689 -2778
