1 78 -71
1 1247 -1442
1 889 -1195
1 418 -582
1 1088 -1376
1 120 -156
1 702 -966
1 980 -1288
1 1188 -1438
1 82 -91
1 299 -415
1 592 -821
1 821 -1114
1 913 -1222
1 1036 -1338
1 1135 -1407
1 1228 -1441
1 100 -124
1 174 -235
1 355 -494
1 564 -783
1 622 -861
1 741 -1016
1 844 -1142
1 959 -1268
1 1010 -1315
1 1078 -1369
1 1116 -1395
1 1173 -1430
1 1200 -1439
1 92 -110
1 106 -134
1 126 -165
1 228 -313
1 323 -449
1 390 -543
1 484 -673
1 657 -907
1 722 -992
1 1028 -1331
1 1044 -1344
1 1153 -1418
1 85 -97
1 111 -142
1 276 -382
1 306 -425
1 447 -622
