Complete graph 
 30 nodes
 435 arcs
 1 2 23 -29
 1 3 19 -15
 1 4 42 -45
 1 5 66 -56
 1 6 17 -22
 1 7 9 -13
 1 8 34 -36
 1 9 24 -27
 1 10 3 -2
 1 11 28 -34
 1 12 5 -6
 1 13 49 -56
 1 14 32 -25
 1 15 10 -13
 1 16 32 -34
 1 17 17 -13
 1 18 16 -19
 1 19 46 -64
 1 20 75 -60
 1 21 22 -17
 1 22 13 -10
 1 23 31 -35
 1 24 42 -32
 1 25 43 -45
 1 26 66 -66
 1 27 40 -40
 1 28 16 -21
 1 29 24 -20
 1 30 12 -11
 2 3 41 -35
 2 4 36 -43
 2 5 25 -24
 2 6 55 -47
 2 7 71 -64
 2 8 70 -58
 2 9 36 -45
 2 10 6 -8
 2 11 56 -60
 2 12 64 -51
 2 13 63 -63
 2 14 16 -20
 2 15 29 -23
 2 16 12 -13
 2 17 64 -61
 2 18 51 -48
 2 19 27 -29
 2 20 21 -22
 2 21 27 -34
 2 22 9 -7
 2 23 40 -40
 2 24 64 -67
 2 25 29 -37
 2 26 9 -8
 2 27 7 -7
 2 28 4 -5
 2 29 60 -65
 2 30 35 -27
 3 4 20 -17
 3 5 15 -20
 3 6 15 -11
 3 7 12 -14
 3 8 46 -64
 3 9 62 -61
 3 10 76 -60
 3 11 53 -63
 3 12 30 -37
 3 13 3 -4
 3 14 26 -27
 3 15 40 -37
 3 16 49 -50
 3 17 8 -9
 3 18 3 -4
 3 19 13 -10
 3 20 64 -69
 3 21 6 -7
 3 22 53 -61
 3 23 35 -27
 3 24 6 -7
 3 25 27 -23
 3 26 39 -48
 3 27 25 -32
 3 28 67 -56
 3 29 19 -25
 3 30 9 -7
 4 5 30 -37
 4 6 24 -21
 4 7 2 -2
 4 8 49 -64
 4 9 54 -70
 4 10 1 -1
 4 11 38 -46
 4 12 22 -21
 4 13 27 -38
 4 14 5 -3
 4 15 68 -63
 4 16 46 -51
 4 17 18 -25
 4 18 8 -11
 4 19 56 -39
 4 20 49 -61
 4 21 53 -42
 4 22 62 -61
 4 23 73 -62
 4 24 51 -68
 4 25 37 -41
 4 26 15 -13
 4 27 6 -8
 4 28 19 -18
 4 29 57 -55
 4 30 39 -36
 5 6 55 -64
 5 7 36 -33
 5 8 24 -27
 5 9 11 -14
 5 10 51 -56
 5 11 28 -28
 5 12 78 -55
 5 13 17 -18
 5 14 37 -37
 5 15 57 -56
 5 16 72 -57
 5 17 48 -34
 5 18 30 -33
 5 19 41 -42
 5 20 49 -66
 5 21 58 -62
 5 22 39 -36
 5 23 49 -64
 5 24 16 -16
 5 25 24 -19
 5 26 19 -23
 5 27 25 -24
 5 28 77 -63
 5 29 28 -27
 5 30 57 -75
 6 7 2 -2
 6 8 76 -57
 6 9 13 -19
 6 10 1 -1
 6 11 10 -12
 6 12 32 -29
 6 13 56 -40
 6 14 42 -39
 6 15 33 -24
 6 16 1 -1
 6 17 63 -63
 6 18 43 -60
 6 19 59 -49
 6 20 11 -13
 6 21 4 -3
 6 22 58 -69
 6 23 39 -53
 6 24 45 -35
 6 25 32 -40
 6 26 61 -51
 6 27 48 -64
 6 28 32 -36
 6 29 45 -45
 6 30 21 -28
 7 8 42 -55
 7 9 56 -50
 7 10 53 -54
 7 11 4 -2
 7 12 52 -40
 7 13 46 -40
 7 14 62 -49
 7 15 69 -57
 7 16 41 -29
 7 17 40 -46
 7 18 48 -61
 7 19 65 -51
 7 20 31 -22
 7 21 45 -55
 7 22 20 -29
 7 23 59 -64
 7 24 37 -30
 7 25 51 -37
 7 26 27 -25
 7 27 20 -16
 7 28 58 -70
 7 29 46 -43
 7 30 21 -19
 8 9 31 -41
 8 10 64 -48
 8 11 17 -17
 8 12 72 -57
 8 13 51 -37
 8 14 21 -18
 8 15 51 -69
 8 16 49 -63
 8 17 14 -18
 8 18 34 -27
 8 19 34 -37
 8 20 71 -63
 8 21 12 -14
 8 22 6 -4
 8 23 41 -51
 8 24 54 -67
 8 25 37 -46
 8 26 48 -58
 8 27 17 -23
 8 28 38 -42
 8 29 17 -19
 8 30 42 -32
 9 10 42 -48
 9 11 19 -15
 9 12 61 -63
 9 13 45 -43
 9 14 52 -62
 9 15 26 -33
 9 16 3 -2
 9 17 58 -76
 9 18 23 -29
 9 19 63 -62
 9 20 26 -20
 9 21 4 -4
 9 22 53 -37
 9 23 53 -72
 9 24 30 -31
 9 25 5 -7
 9 26 60 -76
 9 27 51 -47
 9 28 57 -58
 9 29 2 -3
 9 30 18 -17
 10 11 3 -3
 10 12 32 -38
 10 13 35 -49
 10 14 54 -41
 10 15 41 -57
 10 16 51 -70
 10 17 48 -67
 10 18 33 -33
 10 19 32 -32
 10 20 13 -17
 10 21 16 -16
 10 22 51 -64
 10 23 52 -47
 10 24 41 -42
 10 25 59 -49
 10 26 37 -43
 10 27 27 -21
 10 28 34 -26
 10 29 36 -33
 10 30 51 -38
 11 12 7 -9
 11 13 30 -31
 11 14 38 -32
 11 15 25 -32
 11 16 24 -25
 11 17 31 -28
 11 18 25 -26
 11 19 38 -47
 11 20 16 -16
 11 21 42 -41
 11 22 29 -28
 11 23 41 -51
 11 24 58 -42
 11 25 62 -46
 11 26 58 -72
 11 27 2 -2
 11 28 54 -42
 11 29 40 -54
 11 30 11 -10
 12 13 52 -55
 12 14 7 -7
 12 15 60 -67
 12 16 26 -22
 12 17 42 -46
 12 18 37 -28
 12 19 21 -17
 12 20 6 -8
 12 21 12 -16
 12 22 7 -5
 12 23 53 -59
 12 24 72 -67
 12 25 28 -37
 12 26 34 -37
 12 27 44 -43
 12 28 10 -13
 12 29 50 -53
 12 30 2 -1
 13 14 5 -5
 13 15 11 -14
 13 16 34 -30
 13 17 33 -26
 13 18 48 -55
 13 19 11 -15
 13 20 38 -51
 13 21 68 -63
 13 22 53 -49
 13 23 1 -1
 13 24 33 -24
 13 25 47 -40
 13 26 7 -8
 13 27 40 -38
 13 28 56 -79
 13 29 62 -61
 13 30 40 -45
 14 15 58 -70
 14 16 24 -25
 14 17 24 -17
 14 18 5 -6
 14 19 32 -23
 14 20 38 -50
 14 21 57 -72
 14 22 30 -31
 14 23 25 -29
 14 24 16 -18
 14 25 42 -48
 14 26 40 -29
 14 27 6 -7
 14 28 0 0
 14 29 8 -7
 14 30 23 -16
 15 16 25 -19
 15 17 9 -8
 15 18 22 -25
 15 19 35 -37
 15 20 28 -26
 15 21 58 -79
 15 22 52 -51
 15 23 26 -30
 15 24 15 -14
 15 25 21 -30
 15 26 37 -29
 15 27 45 -42
 15 28 27 -34
 15 29 46 -45
 15 30 59 -57
 16 17 7 -7
 16 18 35 -35
 16 19 53 -48
 16 20 46 -35
 16 21 29 -34
 16 22 46 -39
 16 23 26 -20
 16 24 25 -32
 16 25 76 -62
 16 26 64 -46
 16 27 37 -41
 16 28 30 -27
 16 29 53 -57
 16 30 56 -64
 17 18 21 -15
 17 19 46 -59
 17 20 25 -24
 17 21 51 -42
 17 22 14 -15
 17 23 55 -71
 17 24 63 -63
 17 25 25 -36
 17 26 13 -15
 17 27 66 -58
 17 28 48 -35
 17 29 27 -27
 17 30 7 -8
 18 19 54 -49
 18 20 1 0
 18 21 60 -52
 18 22 19 -19
 18 23 12 -9
 18 24 46 -44
 18 25 53 -37
 18 26 8 -11
 18 27 27 -37
 18 28 45 -33
 18 29 61 -53
 18 30 12 -16
 19 20 22 -18
 19 21 6 -8
 19 22 16 -14
 19 23 37 -42
 19 24 79 -59
 19 25 78 -56
 19 26 34 -27
 19 27 45 -60
 19 28 41 -48
 19 29 41 -52
 19 30 16 -22
 20 21 69 -61
 20 22 23 -32
 20 23 72 -57
 20 24 76 -58
 20 25 31 -23
 20 26 62 -56
 20 27 64 -72
 20 28 29 -42
 20 29 41 -33
 20 30 46 -54
 21 22 57 -64
 21 23 66 -50
 21 24 34 -26
 21 25 16 -20
 21 26 49 -52
 21 27 12 -17
 21 28 58 -58
 21 29 47 -57
 21 30 9 -10
 22 23 48 -60
 22 24 7 -7
 22 25 16 -11
 22 26 7 -8
 22 27 57 -67
 22 28 27 -28
 22 29 31 -27
 22 30 55 -52
 23 24 10 -10
 23 25 49 -62
 23 26 3 -4
 23 27 5 -7
 23 28 10 -10
 23 29 43 -36
 23 30 41 -56
 24 25 40 -53
 24 26 60 -47
 24 27 37 -32
 24 28 18 -24
 24 29 18 -17
 24 30 45 -63
 25 26 28 -26
 25 27 23 -30
 25 28 8 -10
 25 29 25 -22
 25 30 3 -2
 26 27 17 -13
 26 28 60 -75
 26 29 70 -68
 26 30 11 -10
 27 28 14 -12
 27 29 34 -47
 27 30 77 -57
 28 29 48 -66
 28 30 22 -27
 29 30 43 -56
