Complete graph 
 26 nodes
 325 arcs
 1 2 63 -77
 1 3 52 -51
 1 4 48 -67
 1 5 15 -19
 1 6 56 -68
 1 7 33 -29
 1 8 47 -66
 1 9 36 -28
 1 10 15 -21
 1 11 31 -22
 1 12 61 -49
 1 13 32 -40
 1 14 68 -53
 1 15 34 -25
 1 16 51 -47
 1 17 14 -16
 1 18 53 -39
 1 19 41 -53
 1 20 59 -69
 1 21 0 0
 1 22 68 -65
 1 23 70 -62
 1 24 74 -53
 1 25 27 -22
 1 26 79 -60
 2 3 57 -57
 2 4 53 -46
 2 5 45 -41
 2 6 49 -39
 2 7 26 -25
 2 8 20 -25
 2 9 44 -60
 2 10 66 -62
 2 11 29 -25
 2 12 16 -19
 2 13 7 -5
 2 14 7 -7
 2 15 60 -46
 2 16 18 -15
 2 17 34 -26
 2 18 44 -56
 2 19 29 -33
 2 20 10 -13
 2 21 52 -38
 2 22 54 -54
 2 23 24 -30
 2 24 27 -35
 2 25 67 -58
 2 26 43 -59
 3 4 33 -37
 3 5 69 -65
 3 6 78 -59
 3 7 15 -19
 3 8 25 -22
 3 9 5 -3
 3 10 60 -75
 3 11 6 -5
 3 12 37 -30
 3 13 45 -59
 3 14 2 -3
 3 15 32 -43
 3 16 47 -48
 3 17 6 -7
 3 18 47 -35
 3 19 64 -57
 3 20 25 -35
 3 21 59 -67
 3 22 9 -9
 3 23 75 -59
 3 24 35 -47
 3 25 6 -6
 3 26 44 -56
 4 5 31 -25
 4 6 40 -54
 4 7 5 -7
 4 8 64 -50
 4 9 34 -43
 4 10 9 -10
 4 11 20 -20
 4 12 2 -2
 4 13 34 -47
 4 14 11 -11
 4 15 23 -23
 4 16 1 -1
 4 17 75 -62
 4 18 44 -50
 4 19 33 -29
 4 20 32 -37
 4 21 24 -22
 4 22 50 -65
 4 23 8 -8
 4 24 45 -62
 4 25 37 -47
 4 26 34 -26
 5 6 50 -66
 5 7 20 -18
 5 8 38 -39
 5 9 34 -47
 5 10 32 -43
 5 11 58 -79
 5 12 39 -33
 5 13 14 -13
 5 14 62 -46
 5 15 18 -16
 5 16 43 -31
 5 17 11 -13
 5 18 50 -53
 5 19 43 -34
 5 20 55 -44
 5 21 37 -26
 5 22 19 -23
 5 23 56 -58
 5 24 27 -29
 5 25 51 -58
 5 26 23 -16
 6 7 46 -40
 6 8 27 -37
 6 9 8 -7
 6 10 20 -15
 6 11 13 -14
 6 12 28 -30
 6 13 27 -24
 6 14 68 -53
 6 15 12 -15
 6 16 43 -32
 6 17 39 -42
 6 18 26 -32
 6 19 4 -3
 6 20 12 -12
 6 21 4 -4
 6 22 34 -39
 6 23 23 -28
 6 24 55 -51
 6 25 32 -33
 6 26 58 -78
 7 8 15 -14
 7 9 59 -77
 7 10 20 -20
 7 11 5 -7
 7 12 10 -8
 7 13 58 -59
 7 14 5 -7
 7 15 63 -54
 7 16 34 -28
 7 17 47 -52
 7 18 29 -24
 7 19 5 -5
 7 20 52 -56
 7 21 18 -22
 7 22 6 -6
 7 23 13 -17
 7 24 3 -2
 7 25 25 -27
 7 26 14 -12
 8 9 20 -19
 8 10 47 -50
 8 11 3 -2
 8 12 8 -7
 8 13 46 -40
 8 14 41 -48
 8 15 79 -60
 8 16 11 -15
 8 17 9 -9
 8 18 12 -17
 8 19 57 -43
 8 20 24 -32
 8 21 29 -25
 8 22 42 -56
 8 23 10 -12
 8 24 28 -20
 8 25 61 -46
 8 26 34 -42
 9 10 36 -33
 9 11 12 -9
 9 12 38 -44
 9 13 52 -60
 9 14 39 -37
 9 15 3 -4
 9 16 41 -36
 9 17 18 -13
 9 18 38 -38
 9 19 6 -7
 9 20 12 -17
 9 21 0 0
 9 22 22 -29
 9 23 13 -12
 9 24 41 -29
 9 25 6 -4
 9 26 51 -37
 10 11 32 -23
 10 12 25 -26
 10 13 9 -8
 10 14 27 -35
 10 15 27 -23
 10 16 10 -9
 10 17 35 -33
 10 18 45 -56
 10 19 46 -34
 10 20 42 -31
 10 21 44 -40
 10 22 41 -34
 10 23 3 -3
 10 24 7 -9
 10 25 11 -10
 10 26 57 -54
 11 12 13 -12
 11 13 59 -55
 11 14 23 -27
 11 15 23 -23
 11 16 10 -10
 11 17 54 -47
 11 18 15 -19
 11 19 25 -26
 11 20 23 -33
 11 21 62 -71
 11 22 52 -67
 11 23 37 -33
 11 24 41 -31
 11 25 48 -42
 11 26 18 -13
 12 13 62 -68
 12 14 6 -6
 12 15 7 -5
 12 16 14 -12
 12 17 45 -53
 12 18 8 -8
 12 19 47 -49
 12 20 53 -45
 12 21 28 -25
 12 22 61 -70
 12 23 2 -1
 12 24 19 -19
 12 25 48 -54
 12 26 27 -24
 13 14 41 -48
 13 15 74 -59
 13 16 35 -31
 13 17 52 -64
 13 18 68 -60
 13 19 1 -2
 13 20 10 -11
 13 21 13 -12
 13 22 27 -25
 13 23 28 -37
 13 24 73 -66
 13 25 54 -55
 13 26 31 -34
 14 15 38 -28
 14 16 47 -38
 14 17 29 -28
 14 18 21 -29
 14 19 8 -8
 14 20 2 -1
 14 21 40 -29
 14 22 50 -40
 14 23 1 -1
 14 24 26 -31
 14 25 18 -23
 14 26 38 -41
 15 16 48 -37
 15 17 25 -28
 15 18 40 -28
 15 19 35 -27
 15 20 12 -11
 15 21 25 -27
 15 22 38 -53
 15 23 61 -58
 15 24 26 -19
 15 25 76 -54
 15 26 37 -37
 16 17 69 -53
 16 18 27 -35
 16 19 72 -68
 16 20 55 -40
 16 21 55 -74
 16 22 62 -51
 16 23 46 -35
 16 24 8 -8
 16 25 34 -30
 16 26 30 -41
 17 18 40 -30
 17 19 21 -22
 17 20 47 -47
 17 21 37 -28
 17 22 52 -58
 17 23 17 -18
 17 24 32 -26
 17 25 27 -31
 17 26 65 -63
 18 19 43 -39
 18 20 34 -44
 18 21 22 -25
 18 22 47 -43
 18 23 20 -25
 18 24 7 -6
 18 25 30 -34
 18 26 16 -19
 19 20 16 -11
 19 21 48 -36
 19 22 10 -10
 19 23 8 -10
 19 24 66 -54
 19 25 31 -37
 19 26 23 -29
 20 21 6 -5
 20 22 55 -49
 20 23 38 -36
 20 24 55 -61
 20 25 56 -46
 20 26 44 -48
 21 22 32 -26
 21 23 64 -71
 21 24 59 -61
 21 25 53 -49
 21 26 1 -1
 22 23 21 -26
 22 24 7 -7
 22 25 29 -34
 22 26 32 -37
 23 24 2 -2
 23 25 54 -44
 23 26 17 -14
 24 25 32 -35
 24 26 35 -45
 25 26 18 -13
