1 35 -222
1 755 -2404
1 283 -2004
1 115 -1105
1 449 -2289
1 70 -696
1 211 -1691
1 362 -2185
1 605 -2371
1 42 -359
1 90 -895
1 160 -1401
1 245 -1858
1 324 -2113
1 409 -2251
1 537 -2340
1 702 -2399
1 38 -298
1 52 -489
1 81 -809
1 100 -984
1 136 -1249
1 186 -1552
1 231 -1792
1 275 -1974
1 295 -2038
1 349 -2161
1 379 -2212
1 427 -2270
1 485 -2312
1 567 -2355
1 643 -2382
1 742 -2403
1 37 -278
1 39 -315
1 46 -413
1 62 -606
1 72 -717
1 92 -913
1 109 -1057
1 123 -1161
1 151 -1345
1 173 -1477
1 203 -1648
1 215 -1712
1 241 -1840
1 249 -1874
1 314 -2088
1 394 -2233
1 421 -2264
1 455 -2294
1 494 -2317
1 47 -426
1 56 -537
1 80 -799
1 155 -1370
1 178 -1506
1 192 -1586
1 237 -1821
1 522 -2332
