1 86 -98
1 1457 -1666
1 1032 -1380
1 511 -711
1 1255 -1591
1 169 -235
1 839 -1144
1 1141 -1496
1 1377 -1652
1 127 -173
1 336 -471
1 666 -919
1 963 -1299
1 1102 -1457
1 1211 -1557
1 1304 -1619
1 1399 -1658
1 93 -114
1 140 -193
1 235 -329
1 367 -514
1 601 -832
1 727 -999
1 898 -1219
1 1000 -1343
1 1075 -1428
1 1191 -1540
1 1234 -1576
1 1285 -1609
1 1348 -1641
1 1395 -1657
1 1440 -1664
1 89 -106
1 111 -146
1 134 -184
1 194 -271
1 284 -398
1 456 -636
1 563 -781
1 654 -903
1 685 -944
1 791 -1082
1 864 -1176
1 973 -1311
1 1057 -1408
1 1159 -1512
1 1205 -1552
1 1268 -1599
1 1419 -1661
1 87 -101
1 98 -123
1 118 -158
1 321 -450
1 402 -562
1 497 -692
1 747 -1025
1 825 -1126
1 890 -1209
