1 45 -338
1 755 -2107
1 267 -1688
1 132 -1155
1 462 -2046
1 70 -671
1 196 -1465
1 383 -1938
1 549 -2081
1 52 -474
1 99 -923
1 149 -1246
1 230 -1584
1 313 -1794
1 427 -2007
1 507 -2071
1 665 -2101
1 47 -397
1 63 -598
1 86 -815
1 110 -1004
1 139 -1195
1 169 -1342
1 213 -1529
1 247 -1634
1 296 -1756
1 370 -1913
1 404 -1975
1 447 -2032
1 484 -2060
1 525 -2076
1 632 -2096
1 706 -2105
1 46 -374
1 49 -434
1 57 -532
1 74 -708
1 95 -891
1 105 -968
1 127 -1122
1 135 -1173
1 144 -1221
1 161 -1304
1 189 -1435
1 210 -1518
1 332 -1834
1 514 -2073
1 598 -2090
1 651 -2099
1 82 -780
1 89 -841
1 114 -1032
1 195 -1461
1 357 -1886
