1 66 -70
1 1694 -2002
1 1169 -1606
1 523 -741
1 1487 -1924
1 133 -184
1 985 -1372
1 1336 -1789
1 1558 -1971
1 82 -104
1 355 -504
1 710 -1000
1 1058 -1468
1 1244 -1693
1 1404 -1855
1 1534 -1958
1 1628 -1992
1 68 -78
1 103 -138
1 176 -247
1 469 -665
1 615 -869
1 829 -1162
1 1034 -1437
1 1125 -1552
1 1218 -1664
1 1274 -1725
1 1352 -1805
1 1436 -1883
1 1519 -1948
1 1545 -1965
1 1595 -1983
1 1646 -1996
1 67 -75
1 74 -90
1 88 -114
1 129 -178
1 148 -206
1 260 -368
1 384 -545
1 518 -734
1 597 -844
1 670 -945
1 762 -1071
1 912 -1274
1 1081 -1497
1 1154 -1588
1 1196 -1638
1 1235 -1683
1 1380 -1832
1 1422 -1871
1 1469 -1910
1 1576 -1977
1 1609 -1987
1 1660 -1998
1 114 -155
1 210 -296
1 313 -444
1 574 -812
1 641 -905
1 787 -1105
1 889 -1243
1 944 -1317
