1 87 -89
1 1480 -1699
1 1059 -1413
1 536 -740
1 1306 -1652
1 207 -280
1 843 -1148
1 1165 -1526
1 1360 -1679
1 117 -146
1 339 -467
1 749 -1026
1 970 -1307
1 1107 -1467
1 1270 -1624
1 1329 -1664
1 1410 -1689
1 102 -121
1 156 -205
1 304 -418
1 458 -633
1 666 -915
1 772 -1056
1 902 -1223
1 1014 -1360
1 1087 -1445
1 1123 -1484
1 1233 -1590
1 1291 -1641
1 1323 -1661
1 1383 -1684
1 1434 -1693
1 94 -105
1 109 -133
1 130 -166
1 175 -233
1 256 -350
1 387 -534
1 503 -695
1 582 -802
1 722 -990
1 762 -1043
1 826 -1126
1 883 -1199
1 948 -1280
1 984 -1324
1 1030 -1379
1 1095 -1454
1 1201 -1560
1 1260 -1615
1 1277 -1630
1 1462 -1697
1 89 -94
1 230 -313
1 425 -587
1 487 -673
1 637 -876
1 1247 -1603
