1 29 -121
1 771 -2474
1 335 -2081
1 147 -1205
1 529 -2418
1 72 -663
1 240 -1696
1 441 -2305
1 626 -2456
1 40 -317
1 96 -862
1 183 -1412
1 297 -1942
1 366 -2155
1 486 -2371
1 555 -2432
1 700 -2469
1 31 -174
1 61 -559
1 87 -796
1 131 -1101
1 161 -1287
1 209 -1545
1 255 -1763
1 311 -1998
1 351 -2121
1 403 -2232
1 465 -2342
1 513 -2402
1 542 -2426
1 580 -2441
1 662 -2464
1 733 -2473
1 36 -258
1 49 -425
1 64 -588
1 78 -717
1 92 -833
1 108 -945
1 140 -1160
1 175 -1367
1 198 -1490
1 223 -1614
1 250 -1741
1 284 -1888
1 324 -2045
1 354 -2128
1 389 -2203
1 427 -2280
1 449 -2318
1 496 -2383
1 548 -2429
1 566 -2436
1 601 -2448
1 684 -2467
1 34 -226
1 39 -304
1 54 -482
1 84 -770
1 100 -890
1 118 -1013
1 191 -1454
1 235 -1672
1 274 -1845
1 319 -2027
