1 33 -184
1 863 -3233
1 364 -2581
1 158 -1502
1 573 -3081
1 77 -803
1 239 -2010
1 463 -2862
1 702 -3191
1 47 -442
1 107 -1104
1 198 -1774
1 297 -2295
1 403 -2707
1 546 -3044
1 629 -3135
1 808 -3226
1 37 -287
1 55 -544
1 89 -928
1 128 -1278
1 180 -1656
1 222 -1918
1 279 -2211
1 312 -2363
1 390 -2668
1 420 -2755
1 502 -2951
1 586 -3096
1 673 -3171
1 762 -3214
1 824 -3229
1 34 -216
1 40 -337
1 48 -455
1 69 -711
1 81 -845
1 104 -1076
1 117 -1188
1 138 -1355
1 192 -1736
1 208 -1835
1 228 -1951
1 245 -2041
1 283 -2230
1 358 -2557
1 371 -2605
1 449 -2828
1 492 -2929
1 527 -3005
1 610 -3118
1 646 -3149
1 692 -3185
1 738 -3206
1 833 -3230
1 36 -264
1 38 -305
1 61 -616
1 75 -781
1 98 -1017
1 114 -1163
1 136 -1340
1 147 -1422
1 185 -1690
1 236 -1994
1 324 -2414
1 374 -2615
1 435 -2793
1 479 -2899
1 712 -3196
1 343 -2494
