1 24 -143
1 975 -3201
1 471 -2640
1 172 -1367
1 669 -3063
1 92 -852
1 278 -1893
1 541 -2824
1 805 -3167
1 44 -416
1 114 -1016
1 233 -1687
1 399 -2382
1 494 -2706
1 634 -3008
1 709 -3101
1 878 -3191
1 34 -297
1 64 -611
1 104 -947
1 143 -1196
1 200 -1519
1 259 -1811
1 327 -2095
1 448 -2564
1 482 -2674
1 529 -2796
1 587 -2917
1 649 -3034
1 688 -3082
1 790 -3158
1 840 -3181
1 916 -3197
1 25 -165
1 41 -384
1 54 -517
1 83 -777
1 129 -1111
1 167 -1339
1 188 -1455
1 215 -1596
1 239 -1716
1 264 -1833
1 312 -2034
1 381 -2311
1 416 -2447
1 461 -2607
1 511 -2750
1 560 -2863
1 618 -2978
1 659 -3049
1 702 -3095
1 754 -3133
1 850 -3184
1 951 -3200
1 28 -210
1 35 -310
1 53 -507
1 58 -555
1 69 -655
1 154 -1262
1 196 -1498
1 229 -1667
1 291 -1947
1 440 -2535
1 504 -2732
1 730 -3116
1 926 -3198
1 80 -751
1 938 -3199
