1 54 -319
1 930 -2801
1 336 -2193
1 166 -1478
1 575 -2638
1 92 -879
1 244 -1882
1 423 -2411
1 731 -2763
1 65 -544
1 128 -1201
1 211 -1737
1 278 -2016
1 386 -2327
1 486 -2520
1 664 -2718
1 853 -2795
1 57 -411
1 75 -678
1 110 -1051
1 143 -1315
1 175 -1537
1 222 -1788
1 266 -1972
1 305 -2103
1 349 -2229
1 406 -2373
1 453 -2465
1 508 -2552
1 615 -2676
1 696 -2742
1 819 -2788
1 868 -2797
1 55 -353
1 61 -482
1 72 -640
1 86 -810
1 100 -961
1 120 -1136
1 132 -1232
1 154 -1393
1 171 -1511
1 193 -1639
1 214 -1751
1 228 -1814
1 254 -1924
1 296 -2075
1 318 -2141
1 367 -2277
1 471 -2496
1 505 -2548
1 533 -2585
1 589 -2652
1 641 -2699
1 708 -2750
1 776 -2776
1 848 -2794
1 894 -2799
1 59 -448
1 64 -529
1 99 -951
1 186 -1600
1 207 -1716
1 480 -2511
1 548 -2604
1 604 -2666
1 729 -2762
1 734 -2764
1 808 -2785
