1 31 -167
1 1002 -3170
1 400 -2583
1 173 -1469
1 648 -3038
1 98 -908
1 260 -2004
1 516 -2843
1 779 -3124
1 62 -565
1 128 -1153
1 217 -1753
1 347 -2391
1 458 -2725
1 591 -2968
1 733 -3103
1 930 -3164
1 37 -269
1 74 -684
1 112 -1028
1 153 -1334
1 192 -1593
1 246 -1929
1 286 -2131
1 370 -2481
1 440 -2684
1 481 -2775
1 561 -2922
1 621 -3008
1 688 -3069
1 758 -3116
1 859 -3148
1 958 -3167
1 33 -211
1 52 -453
1 69 -635
1 84 -779
1 107 -987
1 121 -1100
1 133 -1190
1 168 -1436
1 184 -1541
1 212 -1722
1 232 -1845
1 270 -2053
1 317 -2265
1 358 -2435
1 385 -2533
1 406 -2600
1 486 -2785
1 548 -2900
1 583 -2956
1 637 -3027
1 721 -3094
1 823 -3138
1 887 -3155
1 987 -3169
1 32 -191
1 34 -227
1 44 -357
1 56 -498
1 93 -862
1 142 -1255
1 154 -1341
1 203 -1664
1 304 -2209
1 341 -2366
1 367 -2470
1 372 -2488
1 418 -2630
1 522 -2854
1 906 -3159
1 41 -320
1 336 -2345
1 531 -2870
