1 102 -109
1 1463 -1763
1 1037 -1422
1 454 -640
1 1294 -1694
1 166 -223
1 824 -1146
1 1152 -1554
1 1383 -1743
1 119 -147
1 266 -372
1 676 -946
1 940 -1299
1 1111 -1510
1 1245 -1650
1 1342 -1725
1 1410 -1753
1 109 -128
1 151 -200
1 200 -274
1 335 -471
1 548 -770
1 749 -1045
1 879 -1219
1 1015 -1395
1 1078 -1471
1 1123 -1523
1 1216 -1621
1 1265 -1669
1 1320 -1712
1 1354 -1731
1 1401 -1750
1 1424 -1756
1 105 -119
1 114 -138
1 135 -174
1 241 -335
1 282 -395
1 387 -545
1 498 -701
1 593 -832
1 715 -999
1 769 -1072
1 845 -1174
1 917 -1269
1 997 -1372
1 1052 -1440
1 1192 -1596
1 1283 -1685
1 1314 -1708
1 1330 -1718
1 1440 -1759
1 103 -113
1 126 -159
1 418 -589
1 485 -683
1 649 -909
1 795 -1107
1 930 -1286
1 947 -1308
