1 59 -223
1 887 -2798
1 352 -2216
1 166 -1344
1 578 -2687
1 92 -724
1 246 -1824
1 463 -2501
1 715 -2770
1 68 -437
1 124 -1016
1 297 -2030
1 411 -2378
1 538 -2633
1 633 -2735
1 790 -2788
1 61 -312
1 79 -574
1 105 -849
1 143 -1169
1 183 -1459
1 238 -1784
1 274 -1942
1 326 -2133
1 387 -2315
1 436 -2441
1 522 -2607
1 560 -2665
1 616 -2723
1 691 -2761
1 723 -2772
1 849 -2795
1 60 -273
1 63 -355
1 74 -514
1 86 -656
1 99 -792
1 116 -948
1 130 -1065
1 156 -1270
1 175 -1405
1 193 -1524
1 216 -1659
1 241 -1800
1 264 -1901
1 275 -1946
1 311 -2080
1 336 -2166
1 368 -2262
1 393 -2331
1 428 -2421
1 443 -2457
1 488 -2547
1 550 -2651
1 600 -2709
1 643 -2740
1 769 -2783
1 805 -2790
1 93 -734
1 153 -1247
1 164 -1330
1 202 -1578
1 220 -1682
1 240 -1795
1 252 -1850
1 324 -2126
1 355 -2225
1 406 -2365
1 457 -2488
1 207 -1607
1 362 -2245
