1 30 -188
1 771 -2371
1 284 -1974
1 142 -1281
1 460 -2284
1 63 -619
1 224 -1749
1 371 -2185
1 620 -2352
1 38 -336
1 102 -972
1 181 -1533
1 250 -1862
1 341 -2122
1 388 -2212
1 536 -2323
1 697 -2366
1 34 -276
1 49 -475
1 79 -772
1 121 -1123
1 155 -1371
1 197 -1616
1 234 -1796
1 262 -1903
1 320 -2069
1 355 -2155
1 438 -2265
1 474 -2295
1 582 -2341
1 659 -2361
1 737 -2369
1 31 -214
1 35 -293
1 43 -401
1 56 -549
1 70 -686
1 86 -835
1 113 -1060
1 130 -1192
1 151 -1344
1 166 -1442
1 190 -1580
1 206 -1661
1 232 -1787
1 244 -1838
1 280 -1962
1 295 -2004
1 332 -2100
1 349 -2141
1 362 -2169
1 413 -2239
1 515 -2314
1 564 -2334
1 89 -861
1 185 -1554
1 237 -1809
1 100 -955
