1 94 -94
1 1474 -1677
1 958 -1305
1 396 -561
1 1242 -1602
1 155 -206
1 713 -996
1 1134 -1499
1 1353 -1659
1 108 -127
1 265 -373
1 595 -838
1 800 -1110
1 1036 -1393
1 1210 -1577
1 1307 -1640
1 1393 -1670
1 98 -106
1 125 -157
1 232 -324
1 325 -460
1 561 -791
1 626 -880
1 757 -1054
1 885 -1217
1 995 -1347
1 1071 -1431
1 1182 -1549
1 1219 -1585
1 1265 -1618
1 1330 -1651
1 1374 -1665
1 1430 -1674
1 95 -98
1 107 -125
1 117 -143
1 134 -172
1 190 -260
1 242 -339
1 282 -398
1 358 -507
1 454 -642
1 741 -1033
1 780 -1084
1 850 -1173
1 932 -1274
1 972 -1321
1 1019 -1374
1 1096 -1458
1 1284 -1628
1 1311 -1642
1 1409 -1672
1 1442 -1675
1 150 -198
1 177 -240
1 309 -437
1 411 -582
1 510 -720
1 903 -1239
1 1457 -1676
