1 51 -62
1 1241 -1420
1 888 -1205
1 612 -857
1 1044 -1344
1 314 -445
1 743 -1028
1 973 -1291
1 1154 -1401
1 96 -133
1 462 -651
1 654 -913
1 810 -1112
1 918 -1237
1 1004 -1318
1 1098 -1375
1 1182 -1411
1 64 -86
1 143 -201
1 423 -597
1 504 -709
1 724 -1004
1 766 -1057
1 848 -1158
1 896 -1214
1 954 -1273
1 991 -1307
1 1027 -1333
1 1076 -1363
1 1131 -1391
1 1215 -1417
1 55 -71
1 66 -89
1 125 -175
1 220 -311
1 367 -519
1 496 -698
1 574 -805
1 1064 -1356
1 1083 -1367
1 1106 -1379
1 1202 -1415
1 1222 -1418
1 274 -388
1 324 -459
