1 68 -74
1 2124 -2690
1 1575 -2177
1 803 -1139
1 1900 -2552
1 224 -316
1 1185 -1663
1 1781 -2428
1 2017 -2651
1 101 -135
1 493 -702
1 1003 -1415
1 1369 -1909
1 1657 -2280
1 1842 -2495
1 1975 -2620
1 2082 -2679
1 84 -107
1 153 -212
1 323 -459
1 594 -845
1 888 -1257
1 1114 -1567
1 1285 -1797
1 1453 -2019
1 1620 -2234
1 1704 -2337
1 1805 -2455
1 1879 -2532
1 1928 -2578
1 2006 -2644
1 2044 -2664
1 2107 -2688
1 69 -77
1 94 -124
1 115 -156
1 202 -284
1 307 -436
1 374 -532
1 543 -773
1 768 -1090
1 854 -1210
1 960 -1356
1 1073 -1511
1 1156 -1624
1 1232 -1726
1 1430 -1989
1 1547 -2141
1 1601 -2210
1 1648 -2269
1 1685 -2314
1 1751 -2393
1 1796 -2445
1 1826 -2478
1 1915 -2566
1 1957 -2604
1 1986 -2629
1 2026 -2656
1 2061 -2671
1 2093 -2683
1 88 -114
1 170 -237
1 262 -371
1 512 -729
1 687 -976
1 836 -1185
1 867 -1228
1 1103 -1552
1 1139 -1601
1 1401 -1951
1 1473 -2045
1 1730 -2368
1 1938 -2587
1 638 -907
