1 59 -58
1 1968 -2304
1 1398 -1924
1 755 -1070
1 1709 -2219
1 267 -377
1 1130 -1585
1 1530 -2071
1 1811 -2280
1 107 -141
1 485 -690
1 981 -1383
1 1289 -1790
1 1461 -1996
1 1641 -2169
1 1786 -2268
1 1881 -2297
1 75 -90
1 184 -256
1 351 -498
1 613 -871
1 865 -1223
1 1055 -1484
1 1212 -1692
1 1354 -1871
1 1428 -1959
1 1513 -2053
1 1587 -2123
1 1693 -2208
1 1758 -2251
1 1798 -2275
1 1839 -2288
1 1907 -2300
1 61 -64
1 87 -110
1 161 -222
1 199 -278
1 303 -429
1 420 -597
1 557 -792
1 645 -916
1 834 -1180
1 891 -1259
1 1027 -1446
1 1092 -1534
1 1185 -1657
1 1219 -1701
1 1341 -1855
1 1382 -1905
1 1444 -1977
1 1491 -2029
1 1567 -2105
1 1611 -2144
1 1670 -2191
1 1744 -2242
1 1766 -2256
1 1808 -2279
1 1824 -2284
1 1864 -2294
1 1888 -2298
1 1934 -2302
1 66 -74
1 234 -329
1 457 -650
1 516 -734
1 591 -840
1 811 -1148
1 949 -1339
1 1072 -1507
1 1118 -1569
1 1159 -1623
1 1195 -1670
1 1252 -1743
1 1650 -2176
1 1875 -2296
1 1920 -2301
1 1950 -2303
1 71 -83
