1 63 -69
1 1969 -2324
1 1391 -1908
1 935 -1326
1 1670 -2185
1 316 -452
1 1127 -1584
1 1587 -2115
1 1845 -2281
1 139 -191
1 650 -928
1 1036 -1464
1 1273 -1767
1 1477 -2004
1 1619 -2144
1 1757 -2238
1 1939 -2317
1 80 -99
1 248 -353
1 469 -671
1 782 -1113
1 974 -1380
1 1090 -1536
1 1210 -1689
1 1321 -1825
1 1453 -1978
1 1505 -2033
1 1603 -2130
1 1654 -2173
1 1710 -2211
1 1784 -2252
1 1891 -2299
1 1959 -2323
1 67 -78
1 99 -129
1 175 -245
1 265 -378
1 422 -604
1 554 -792
1 687 -980
1 871 -1237
1 1013 -1433
1 1110 -1562
1 1156 -1621
1 1243 -1730
1 1292 -1790
1 1364 -1876
1 1428 -1950
1 1684 -2195
1 1729 -2222
1 1778 -2249
1 1826 -2272
1 1920 -2310
1 1942 -2318
1 64 -72
1 85 -107
1 126 -171
1 204 -288
1 296 -423
1 341 -488
1 502 -718
1 609 -870
1 815 -1159
1 917 -1301
1 1398 -1916
1 1928 -2313
1 227 -322
1 371 -531
