1 76 -79
1 1724 -2027
1 1260 -1710
1 676 -949
1 1505 -1948
1 224 -313
1 964 -1337
1 1375 -1835
1 1592 -1995
1 106 -136
1 446 -629
1 849 -1185
1 1132 -1553
1 1309 -1766
1 1457 -1911
1 1568 -1985
1 1670 -2018
1 85 -100
1 144 -195
1 326 -459
1 768 -1075
1 888 -1237
1 1045 -1442
1 1219 -1661
1 1353 -1813
1 1413 -1871
1 1481 -1931
1 1536 -1967
1 1625 -2006
1 1701 -2025
1 78 -86
1 95 -118
1 131 -175
1 172 -237
1 249 -349
1 402 -567
1 476 -671
1 655 -920
1 692 -971
1 804 -1124
1 932 -1295
1 1004 -1389
1 1102 -1515
1 1156 -1583
1 1234 -1679
1 1266 -1717
1 1294 -1749
1 1335 -1794
1 1398 -1857
1 1438 -1894
1 1559 -1980
1 1643 -2011
1 77 -83
1 91 -111
1 98 -123
1 122 -161
1 233 -326
1 537 -756
1 606 -852
1 832 -1162
1 1073 -1478
1 1181 -1614
1 1543 -1971
1 1662 -2016
1 509 -717
1 1202 -1640
