1 53 -290
1 737 -2878
1 322 -2202
1 122 -1090
1 515 -2677
1 86 -750
1 207 -1632
1 393 -2441
1 607 -2808
1 63 -473
1 100 -900
1 169 -1403
1 265 -1936
1 372 -2380
1 446 -2558
1 584 -2781
1 702 -2867
1 56 -355
1 75 -621
1 94 -840
1 109 -983
1 142 -1227
1 180 -1471
1 239 -1804
1 296 -2086
1 349 -2301
1 382 -2411
1 424 -2513
1 472 -2604
1 538 -2714
1 641 -2832
1 720 -2876
1 55 -335
1 61 -444
1 67 -523
1 80 -680
1 90 -796
1 103 -928
1 116 -1041
1 131 -1152
1 156 -1319
1 194 -1555
1 220 -1702
1 250 -1860
1 281 -2014
1 308 -2141
1 333 -2243
1 378 -2399
1 408 -2476
1 492 -2638
1 561 -2748
1 678 -2854
1 59 -409
1 76 -633
1 160 -1345
1 228 -1745
1 339 -2265
1 546 -2726
1 659 -2843
