1 69 -71
1 1241 -1485
1 804 -1096
1 332 -465
1 1066 -1376
1 139 -189
1 615 -852
1 924 -1233
1 1155 -1450
1 98 -125
1 268 -375
1 469 -654
1 726 -999
1 876 -1180
1 1008 -1321
1 1127 -1428
1 1205 -1475
1 82 -98
1 135 -183
1 169 -233
1 282 -395
1 365 -511
1 510 -710
1 663 -916
1 756 -1037
1 821 -1116
1 910 -1218
1 956 -1267
1 1030 -1343
1 1109 -1413
1 1143 -1441
1 1227 -1482
1 70 -74
1 112 -147
1 158 -217
1 215 -299
1 450 -628
1 589 -817
1 716 -986
1 733 -1008
1 786 -1074
1 884 -1189
1 977 -1289
1 1152 -1448
1 1186 -1466
1 1194 -1470
1 1210 -1477
1 402 -562
1 541 -752
1 1220 -1480
