Complete graph 
 26 nodes
 325 arcs
 1 2 1 0
 1 3 29 -22
 1 4 47 -48
 1 5 8 -21
 1 6 18 -69
 1 7 7 -4
 1 8 67 -12
 1 9 34 -35
 1 10 57 -52
 1 11 32 -9
 1 12 8 -2
 1 13 0 -2
 1 14 81 -32
 1 15 44 -63
 1 16 17 -84
 1 17 9 -57
 1 18 9 -4
 1 19 37 -12
 1 20 3 -3
 1 21 33 -48
 1 22 49 -17
 1 23 76 -26
 1 24 57 -18
 1 25 22 -77
 1 26 26 -39
 2 3 9 -4
 2 4 0 -2
 2 5 11 -66
 2 6 90 -13
 2 7 89 -10
 2 8 23 -92
 2 9 19 -86
 2 10 5 -8
 2 11 5 -18
 2 12 51 -72
 2 13 30 -21
 2 14 71 -39
 2 15 15 -15
 2 16 26 -27
 2 17 40 -31
 2 18 61 -39
 2 19 71 -20
 2 20 28 -12
 2 21 10 -4
 2 22 20 -50
 2 23 54 -12
 2 24 26 -25
 2 25 8 -21
 2 26 41 -80
 3 4 97 -20
 3 5 41 -6
 3 6 22 -2
 3 7 25 -24
 3 8 8 -70
 3 9 0 0
 3 10 5 -21
 3 11 44 -42
 3 12 16 -31
 3 13 85 -14
 3 14 72 -61
 3 15 10 -18
 3 16 3 -3
 3 17 45 -11
 3 18 38 -69
 3 19 6 -5
 3 20 60 -76
 3 21 23 -19
 3 22 47 -82
 3 23 17 -41
 3 24 6 -24
 3 25 11 -59
 3 26 8 -39
 4 5 3 -22
 4 6 69 -14
 4 7 39 -36
 4 8 7 -5
 4 9 60 -21
 4 10 46 -62
 4 11 8 -2
 4 12 50 -84
 4 13 65 -53
 4 14 36 -30
 4 15 31 -44
 4 16 31 -72
 4 17 4 -3
 4 18 11 -48
 4 19 58 -33
 4 20 24 -26
 4 21 1 -10
 4 22 2 -9
 4 23 62 -22
 4 24 4 -10
 4 25 1 -3
 4 26 70 -17
 5 6 18 -2
 5 7 7 -77
 5 8 84 -44
 5 9 12 -69
 5 10 38 -61
 5 11 75 -64
 5 12 2 -3
 5 13 4 -22
 5 14 22 -21
 5 15 17 -46
 5 16 56 -11
 5 17 2 -14
 5 18 6 -68
 5 19 42 -4
 5 20 37 -26
 5 21 14 -2
 5 22 0 -2
 5 23 5 -2
 5 24 79 -18
 5 25 35 -10
 5 26 13 -23
 6 7 53 -22
 6 8 33 -26
 6 9 32 -22
 6 10 20 -51
 6 11 22 -78
 6 12 41 -38
 6 13 5 -3
 6 14 20 -15
 6 15 39 -78
 6 16 18 -8
 6 17 22 -61
 6 18 36 -66
 6 19 46 -44
 6 20 2 -16
 6 21 9 -20
 6 22 3 -17
 6 23 37 -56
 6 24 20 -62
 6 25 50 -21
 6 26 60 -20
 7 8 13 -61
 7 9 23 -89
 7 10 46 -84
 7 11 7 -17
 7 12 22 -87
 7 13 44 -64
 7 14 38 -43
 7 15 20 -55
 7 16 36 -68
 7 17 77 -37
 7 18 0 0
 7 19 7 -19
 7 20 42 -53
 7 21 46 -7
 7 22 76 -42
 7 23 55 -17
 7 24 42 -35
 7 25 49 -11
 7 26 22 -85
 8 9 5 -5
 8 10 27 -77
 8 11 43 -43
 8 12 57 -29
 8 13 31 -36
 8 14 64 -71
 8 15 11 -57
 8 16 93 -13
 8 17 27 -77
 8 18 12 -26
 8 19 23 -89
 8 20 72 -42
 8 21 1 0
 8 22 53 -23
 8 23 22 -25
 8 24 45 -36
 8 25 82 -18
 8 26 22 -26
 9 10 2 -16
 9 11 0 0
 9 12 0 -1
 9 13 8 -8
 9 14 26 -6
 9 15 15 -65
 9 16 9 -21
 9 17 8 -9
 9 18 59 -15
 9 19 65 -13
 9 20 7 -27
 9 21 11 -85
 9 22 16 -40
 9 23 86 -29
 9 24 10 -68
 9 25 34 -87
 9 26 58 -39
 10 11 10 -89
 10 12 37 -6
 10 13 7 -86
 10 14 26 -3
 10 15 67 -68
 10 16 7 -63
 10 17 34 -26
 10 18 22 -6
 10 19 49 -24
 10 20 2 -2
 10 21 10 -43
 10 22 70 -13
 10 23 8 -30
 10 24 43 -59
 10 25 51 -5
 10 26 25 -10
 11 12 15 -11
 11 13 5 -5
 11 14 94 -29
 11 15 0 0
 11 16 14 -35
 11 17 31 -41
 11 18 17 -82
 11 19 0 -3
 11 20 61 -19
 11 21 15 -37
 11 22 25 -71
 11 23 9 -9
 11 24 26 -79
 11 25 39 -52
 11 26 75 -57
 12 13 29 -66
 12 14 20 -41
 12 15 11 -29
 12 16 18 -33
 12 17 5 -9
 12 18 2 0
 12 19 6 -9
 12 20 7 -38
 12 21 13 -48
 12 22 2 -4
 12 23 10 -55
 12 24 2 -4
 12 25 20 -36
 12 26 57 -19
 13 14 42 -21
 13 15 7 -22
 13 16 10 -58
 13 17 12 -60
 13 18 0 0
 13 19 45 -18
 13 20 32 -69
 13 21 1 0
 13 22 73 -10
 13 23 24 -9
 13 24 4 -19
 13 25 23 -81
 13 26 77 -36
 14 15 83 -33
 14 16 27 -29
 14 17 85 -37
 14 18 39 -22
 14 19 82 -43
 14 20 57 -14
 14 21 63 -24
 14 22 12 -4
 14 23 17 -3
 14 24 94 -15
 14 25 2 -9
 14 26 14 -22
 15 16 43 -23
 15 17 49 -57
 15 18 15 -79
 15 19 25 -36
 15 20 25 -6
 15 21 23 -37
 15 22 54 -29
 15 23 62 -47
 15 24 10 -5
 15 25 0 -1
 15 26 9 -2
 16 17 39 -85
 16 18 5 -40
 16 19 48 -23
 16 20 0 0
 16 21 0 0
 16 22 29 -3
 16 23 47 -36
 16 24 9 -4
 16 25 14 -4
 16 26 78 -56
 17 18 89 -32
 17 19 40 -14
 17 20 13 -20
 17 21 81 -29
 17 22 19 -14
 17 23 6 -14
 17 24 5 -15
 17 25 23 -48
 17 26 6 -7
 18 19 12 -11
 18 20 4 -10
 18 21 22 -6
 18 22 66 -10
 18 23 65 -37
 18 24 30 -29
 18 25 36 -16
 18 26 8 -3
 19 20 39 -10
 19 21 92 -32
 19 22 77 -45
 19 23 58 -66
 19 24 67 -25
 19 25 45 -56
 19 26 0 -5
 20 21 72 -8
 20 22 25 -28
 20 23 49 -14
 20 24 10 -26
 20 25 9 -44
 20 26 56 -6
 21 22 10 -12
 21 23 14 -93
 21 24 8 -22
 21 25 56 -71
 21 26 53 -67
 22 23 19 -10
 22 24 33 -90
 22 25 29 -21
 22 26 43 -89
 23 24 1 0
 23 25 1 -3
 23 26 28 -13
 24 25 1 -9
 24 26 22 -13
 25 26 90 -25
