1 44 -230
1 896 -2773
1 299 -2059
1 149 -1277
1 597 -2603
1 90 -803
1 245 -1847
1 437 -2359
1 762 -2741
1 56 -429
1 112 -993
1 185 -1515
1 275 -1978
1 346 -2175
1 513 -2490
1 690 -2695
1 797 -2759
1 50 -347
1 74 -638
1 104 -928
1 130 -1136
1 175 -1452
1 212 -1670
1 254 -1889
1 286 -2019
1 327 -2130
1 376 -2240
1 493 -2459
1 554 -2548
1 643 -2652
1 714 -2711
1 780 -2751
1 845 -2770
1 47 -291
1 53 -390
1 68 -571
1 83 -733
1 95 -849
1 124 -1089
1 137 -1189
1 160 -1352
1 179 -1478
1 199 -1597
1 226 -1747
1 249 -1866
1 266 -1940
1 284 -2012
1 290 -2032
1 308 -2082
1 392 -2272
1 470 -2418
1 521 -2502
1 567 -2565
1 616 -2624
1 683 -2689
1 818 -2764
1 870 -2772
1 46 -271
1 61 -489
1 73 -627
1 77 -670
1 94 -840
1 100 -893
1 156 -1325
1 183 -1503
1 233 -1784
1 280 -1997
1 325 -2125
1 412 -2311
1 456 -2393
1 531 -2516
1 658 -2666
