1 62 -73
1 1226 -1441
1 843 -1139
1 350 -494
1 1095 -1406
1 115 -159
1 663 -910
1 974 -1284
1 1161 -1434
1 77 -100
1 218 -307
1 505 -702
1 764 -1041
1 941 -1249
1 1064 -1378
1 1109 -1416
1 1185 -1439
1 71 -90
1 98 -133
1 165 -231
1 303 -428
1 451 -630
1 574 -793
1 736 -1005
1 812 -1102
1 871 -1171
1 1025 -1338
1 1065 -1379
1 1104 -1413
1 1132 -1425
1 1197 -1440
1 66 -81
1 89 -119
1 258 -364
1 340 -480
1 399 -560
1 530 -735
1 628 -864
1 689 -944
1 827 -1120
1 856 -1154
1 913 -1218
1 1124 -1422
1 1138 -1427
1 863 -1162
1 896 -1199
