1 41 -180
1 885 -3232
1 326 -2517
1 167 -1595
1 576 -3099
1 96 -899
1 248 -2143
1 449 -2858
1 684 -3177
1 62 -494
1 139 -1346
1 208 -1896
1 295 -2398
1 368 -2651
1 518 -3004
1 635 -3152
1 786 -3213
1 45 -250
1 73 -630
1 116 -1116
1 157 -1507
1 183 -1718
1 232 -2048
1 271 -2272
1 310 -2459
1 353 -2607
1 405 -2751
1 493 -2954
1 545 -3053
1 605 -3130
1 652 -3163
1 723 -3192
1 811 -3219
1 43 -220
1 57 -426
1 69 -581
1 89 -820
1 107 -1021
1 147 -1418
1 173 -1644
1 203 -1862
1 221 -1979
1 237 -2078
1 259 -2206
1 292 -2383
1 304 -2435
1 336 -2552
1 380 -2684
1 417 -2781
1 460 -2883
1 507 -2983
1 531 -3028
1 553 -3066
1 585 -3109
1 749 -3201
1 860 -3228
1 55 -397
1 101 -955
1 121 -1167
1 131 -1267
1 277 -2304
1 438 -2832
1 473 -2911
1 506 -2981
1 755 -3203
1 827 -3222
1 49 -309
1 443 -2844
