1 76 -83
1 1469 -1719
1 928 -1251
1 432 -607
1 1231 -1578
1 166 -232
1 702 -966
1 1088 -1435
1 1367 -1678
1 102 -134
1 270 -380
1 579 -805
1 823 -1120
1 988 -1321
1 1284 -1622
1 1431 -1709
1 82 -99
1 127 -173
1 229 -322
1 364 -512
1 522 -729
1 636 -880
1 730 -1002
1 893 -1208
1 975 -1306
1 1051 -1393
1 1137 -1486
1 1207 -1556
1 1275 -1615
1 1305 -1637
1 1397 -1693
1 1457 -1716
1 78 -91
1 92 -117
1 118 -159
1 148 -205
1 196 -275
1 312 -439
1 409 -575
1 471 -660
1 604 -838
1 672 -927
1 804 -1096
1 963 -1292
1 1103 -1451
1 1251 -1595
1 1335 -1657
1 1418 -1703
1 77 -88
1 96 -124
1 457 -641
1 752 -1030
