1 16 -105
1 690 -2106
1 281 -1668
1 106 -896
1 449 -1980
1 54 -530
1 206 -1411
1 347 -1837
1 600 -2084
1 26 -250
1 72 -671
1 170 -1242
1 241 -1537
1 305 -1735
1 388 -1911
1 464 -1994
1 667 -2103
1 20 -164
1 61 -586
1 95 -829
1 120 -977
1 183 -1305
1 229 -1495
1 271 -1636
1 293 -1703
1 335 -1809
1 370 -1879
1 408 -1935
1 564 -2062
1 639 -2096
1 33 -327
1 46 -457
1 85 -761
1 102 -872
1 117 -960
1 151 -1143
1 173 -1257
1 198 -1375
1 257 -1590
1 279 -1662
1 313 -1755
1 343 -1828
1 359 -1859
1 426 -1955
1 524 -2035
1 583 -2074
1 141 -1090
1 155 -1164
1 480 -2005
1 552 -2054
1 130 -1031
