1 34 -162
1 843 -2893
1 358 -2326
1 168 -1429
1 563 -2750
1 72 -686
1 244 -1857
1 447 -2576
1 714 -2867
1 45 -381
1 100 -929
1 207 -1663
1 288 -2053
1 404 -2472
1 495 -2655
1 628 -2811
1 766 -2886
1 37 -244
1 62 -583
1 81 -770
1 140 -1230
1 192 -1576
1 227 -1772
1 271 -1979
1 318 -2175
1 377 -2390
1 424 -2524
1 479 -2630
1 535 -2713
1 601 -2790
1 665 -2838
1 743 -2880
1 809 -2891
1 35 -196
1 42 -337
1 54 -491
1 69 -657
1 79 -752
1 93 -872
1 127 -1134
1 159 -1367
1 180 -1503
1 200 -1623
1 219 -1729
1 234 -1808
1 257 -1916
1 282 -2027
1 299 -2098
1 350 -2297
1 383 -2409
1 409 -2486
1 430 -2538
1 458 -2595
1 491 -2649
1 517 -2687
1 559 -2745
1 582 -2772
1 648 -2826
1 691 -2854
1 36 -222
1 40 -301
1 44 -367
1 46 -394
1 70 -667
1 96 -897
1 115 -1043
1 147 -1281
1 161 -1381
1 336 -2244
1 448 -2578
1 575 -2764
1 703 -2861
