1 44 -346
1 1043 -3197
1 414 -2692
1 184 -1662
1 672 -3062
1 105 -1070
1 315 -2348
1 521 -2904
1 792 -3148
1 64 -626
1 146 -1414
1 235 -1953
1 364 -2538
1 466 -2809
1 585 -2978
1 764 -3132
1 946 -3188
1 47 -406
1 84 -860
1 128 -1272
1 154 -1468
1 215 -1845
1 285 -2207
1 335 -2432
1 392 -2629
1 428 -2730
1 510 -2888
1 565 -2957
1 626 -3019
1 701 -3085
1 772 -3137
1 858 -3169
1 991 -3195
1 46 -388
1 59 -565
1 76 -768
1 94 -963
1 111 -1124
1 134 -1322
1 149 -1435
1 176 -1611
1 195 -1729
1 224 -1895
1 259 -2076
1 298 -2270
1 326 -2396
1 355 -2506
1 375 -2575
1 457 -2791
1 486 -2845
1 541 -2929
1 644 -3036
1 749 -3121
1 843 -3165
1 884 -3175
1 967 -3192
1 50 -447
1 82 -838
1 87 -892
1 96 -983
1 115 -1159
1 141 -1376
1 193 -1717
1 247 -2015
1 273 -2147
1 304 -2298
1 445 -2766
1 546 -2935
1 806 -3153
1 903 -3179
1 55 -513
1 125 -1246
