1 68 -76
1 2099 -2702
1 1578 -2199
1 833 -1186
1 1909 -2593
1 229 -326
1 1262 -1779
1 1790 -2461
1 2013 -2668
1 97 -131
1 469 -671
1 1090 -1544
1 1429 -2004
1 1703 -2356
1 1860 -2542
1 1950 -2628
1 2055 -2690
1 78 -101
1 151 -212
1 378 -541
1 645 -921
1 946 -1344
1 1174 -1659
1 1315 -1851
1 1492 -2087
1 1626 -2260
1 1749 -2412
1 1828 -2506
1 1898 -2582
1 1920 -2603
1 1975 -2645
1 2045 -2686
1 2082 -2698
1 70 -84
1 81 -106
1 205 -291
1 298 -426
1 415 -594
1 597 -853
1 730 -1041
1 903 -1284
1 1025 -1454
1 1098 -1555
1 1402 -1968
1 1454 -2037
1 1531 -2138
1 1607 -2236
1 1670 -2315
1 1721 -2378
1 1764 -2430
1 1806 -2480
1 1875 -2558
1 1940 -2620
1 1964 -2638
1 2001 -2661
1 2027 -2676
1 2058 -2691
1 2086 -2699
1 69 -81
1 73 -91
1 179 -253
1 269 -384
1 429 -614
1 521 -745
1 674 -962
1 752 -1072
1 1002 -1422
1 1043 -1479
1 1364 -1917
