1 162 2651
1 2648 143
1 579 495
1 291 1157
1 1222 243
1 197 1822
1 398 801
1 743 376
1 1796 174
1 176 2143
1 218 1594
1 322 1025
1 492 613
1 656 431
1 1066 274
1 1526 200
1 2093 156
1 168 2369
1 184 2008
1 209 1686
1 246 1410
1 311 1069
1 372 873
1 450 690
1 532 548
1 605 470
1 710 395
1 838 343
1 1103 264
1 1351 223
1 1666 185
1 1948 164
1 2415 147
1 163 2574
1 173 2223
1 179 2086
1 191 1904
1 205 1730
1 215 1622
1 231 1503
1 274 1246
1 298 1126
1 317 1044
1 334 987
1 393 814
1 409 777
1 465 660
1 523 562
1 551 526
1 586 488
1 634 447
1 674 418
1 778 363
1 991 296
1 1141 257
1 1302 230
1 1410 215
1 1597 192
1 1758 177
1 1885 168
1 2034 159
1 2256 151
1 2462 146
1 171 2281
1 175 2168
1 177 2123
1 187 1963
1 193 1876
1 239 1453
1 258 1339
1 286 1183
1 384 839
1 403 790
1 439 713
1 477 639
1 507 588
1 538 541
1 560 516
1 625 454
1 699 402
1 935 313
1 1045 280
1 1175 251
1 1258 237
1 1395 217
1 1471 207
1 1552 197
1 1700 182
1 1782 175
1 1855 170
1 1932 165
1 1982 162
1 2072 157
1 2185 153
1 2331 149
1 2583 144
1 164 2532
1 167 2409
1 867 334
1 958 306
1 1001 293
1 1502 203
1 2121 155
1 2522 145
