1 158 2311
1 2445 137
1 461 631
1 247 1111
1 1137 278
1 187 1648
1 335 806
1 748 416
1 1772 178
1 165 2015
1 216 1323
1 285 937
1 384 721
1 628 490
1 920 344
1 1356 232
1 2148 147
1 160 2183
1 176 1813
1 197 1529
1 230 1220
1 263 1026
1 313 858
1 357 760
1 415 680
1 557 545
1 697 445
1 858 368
1 1040 306
1 1211 261
1 1576 201
1 1928 163
1 2290 140
1 159 2240
1 163 2071
1 170 1917
1 182 1719
1 188 1635
1 205 1440
1 224 1262
1 236 1180
1 256 1062
1 270 994
1 294 909
1 321 839
1 346 782
1 367 745
1 407 690
1 451 641
1 507 588
1 599 512
1 656 471
1 733 424
1 820 384
1 907 349
1 972 327
1 1107 286
1 1192 265
1 1459 217
1 1656 191
1 1839 171
1 2057 153
1 2215 143
1 2360 138
1 161 2142
1 179 1765
1 184 1689
1 193 1576
1 203 1462
1 211 1375
1 218 1307
1 243 1136
1 260 1041
1 290 921
1 301 890
1 340 795
1 374 735
1 398 702
1 478 615
1 522 575
1 562 541
1 612 502
1 650 475
1 670 462
1 714 435
1 772 405
1 923 343
1 988 322
1 1070 297
1 1129 280
1 1162 272
1 1270 249
1 1350 233
1 1417 223
1 1546 205
1 1631 194
1 1699 186
1 1881 167
1 2016 156
1 2086 151
1 2262 141
1 215 1333
1 576 530
1 1726 183
1 1965 160
1 2132 148
