1 129 2394
1 2396 164
1 585 550
1 209 1255
1 1265 262
1 152 1752
1 376 843
1 879 377
1 1676 200
1 134 2137
1 176 1481
1 288 1023
1 461 699
1 700 467
1 997 333
1 1460 225
1 1959 179
1 131 2266
1 145 1871
1 167 1565
1 196 1327
1 236 1164
1 326 940
1 440 731
1 531 608
1 630 513
1 785 420
1 952 348
1 1137 293
1 1398 236
1 1529 215
1 1818 188
1 2261 166
1 130 2322
1 133 2174
1 141 1959
1 148 1816
1 158 1676
1 172 1517
1 190 1370
1 201 1296
1 217 1224
1 268 1075
1 291 1016
1 346 900
1 403 795
1 476 678
1 557 578
1 600 537
1 674 483
1 730 450
1 856 387
1 920 360
1 1108 301
1 1234 269
1 1320 251
1 1426 231
1 1555 212
1 1769 192
1 1874 184
1 2110 172
1 2318 165
1 132 2218
1 137 2058
1 143 1914
1 154 1726
1 163 1614
1 184 1417
1 193 1348
1 233 1173
1 249 1127
1 286 1028
1 314 966
1 390 818
1 407 788
1 514 629
1 541 596
1 593 543
1 659 493
1 830 399
1 915 362
1 1024 325
1 1181 282
1 1247 266
1 1635 204
1 1906 182
1 2020 176
1 2159 170
1 139 2008
1 227 1192
1 261 1094
1 281 1041
1 496 652
1 643 504
