1 155 2667
1 2422 139
1 549 540
1 269 1266
1 1269 236
1 183 1988
1 397 814
1 810 366
1 1793 166
1 161 2341
1 226 1551
1 336 987
1 476 641
1 686 434
1 957 315
1 1512 196
1 2176 144
1 157 2506
1 173 2121
1 201 1783
1 245 1412
1 306 1100
1 360 914
1 437 720
1 509 589
1 602 496
1 744 399
1 912 329
1 1078 282
1 1357 218
1 1649 179
1 1915 157
1 2246 142
1 156 2585
1 158 2453
1 164 2269
1 175 2091
1 196 1836
1 215 1650
1 234 1490
1 258 1329
1 286 1185
1 325 1026
1 341 970
1 381 857
1 410 782
1 464 664
1 491 616
1 524 570
1 571 521
1 655 456
1 700 425
1 841 354
1 947 318
1 1039 292
1 1166 260
1 1336 222
1 1417 209
1 1597 185
1 1703 174
1 1830 163
1 2050 150
1 2206 143
1 2355 140
1 160 2372
1 168 2202
1 180 2026
1 189 1917
1 206 1735
1 232 1505
1 241 1439
1 260 1317
1 270 1261
1 296 1142
1 311 1080
1 348 949
1 401 804
1 422 754
1 450 693
1 467 658
1 500 602
1 559 531
1 587 508
1 628 476
1 673 443
1 725 410
1 828 359
1 875 342
1 989 306
1 1204 251
1 1383 214
1 1468 202
1 1565 189
1 1670 177
1 1886 159
1 1990 153
1 2131 146
1 2298 141
1 184 1976
1 289 1172
