1 138 1874
1 2684 148
1 427 580
1 218 961
1 1350 246
1 163 1348
1 303 719
1 854 374
1 1933 177
1 144 1665
1 185 1170
1 254 836
1 367 633
1 604 479
1 1036 314
1 1710 197
1 2348 153
1 142 1716
1 153 1499
1 173 1257
1 204 1041
1 232 906
1 291 745
1 340 666
1 394 605
1 539 512
1 784 400
1 959 337
1 1197 276
1 1604 210
1 1764 191
1 2139 164
1 2417 151
1 139 1826
1 143 1690
1 147 1604
1 159 1408
1 168 1299
1 177 1227
1 199 1073
1 214 981
1 221 949
1 244 867
1 269 798
1 314 702
1 349 654
1 384 615
1 408 593
1 468 554
1 566 498
1 675 447
1 797 395
1 921 350
1 978 331
1 1130 291
1 1252 265
1 1437 233
1 1651 204
1 1753 192
1 1844 184
1 2006 172
1 2281 156
1 2593 149
1 141 1751
1 146 1624
1 149 1568
1 170 1282
1 193 1114
1 201 1060
1 239 883
1 259 823
1 324 688
1 447 567
1 503 533
1 634 465
1 730 423
1 789 398
1 824 385
1 890 361
1 950 340
1 995 326
1 1109 296
1 1179 280
1 1288 258
1 1395 239
1 1531 220
1 1809 187
1 1907 179
1 1991 173
1 2071 168
1 2191 161
1 433 576
1 520 523
1 623 470
1 707 433
1 751 414
1 1060 308
1 1382 241
1 1502 224
1 2038 170
1 532 516
