1 126 2222
1 2425 129
1 549 446
1 260 911
1 1141 217
1 165 1518
1 364 659
1 777 307
1 1740 155
1 136 1907
1 219 1120
1 302 780
1 435 567
1 663 361
1 915 266
1 1325 190
1 1997 140
1 129 2056
1 148 1714
1 192 1304
1 239 1007
1 272 863
1 329 720
1 390 622
1 503 491
1 629 382
1 713 333
1 858 281
1 1032 239
1 1236 202
1 1539 170
1 1916 144
1 2181 134
1 128 2088
1 132 1981
1 140 1835
1 157 1598
1 182 1379
1 209 1186
1 228 1067
1 252 946
1 289 813
1 317 744
1 341 698
1 379 637
1 401 608
1 465 533
1 533 461
1 597 406
1 678 352
1 722 329
1 819 293
1 880 275
1 970 253
1 1094 226
1 1191 209
1 1308 192
1 1468 176
1 1641 162
1 1801 151
1 1954 142
1 2144 135
1 2259 132
1 127 2149
1 130 2027
1 145 1757
1 153 1649
1 176 1427
1 200 1248
1 213 1159
1 222 1102
1 234 1034
1 244 983
1 284 827
1 296 795
1 314 751
1 336 707
1 351 681
1 387 626
1 492 503
1 566 431
1 759 314
1 785 304
1 940 260
1 1070 231
1 1130 219
1 1264 198
1 1394 183
1 1602 165
1 1668 160
1 1882 146
1 2055 138
1 2310 131
1 142 1803
1 167 1501
1 247 969
1 2366 130
