1 176 2486
1 2776 179
1 597 553
1 285 1222
1 1351 270
1 208 1790
1 431 783
1 910 381
1 1921 211
1 184 2158
1 241 1488
1 340 1017
1 505 666
1 746 457
1 1118 318
1 1649 232
1 2465 185
1 179 2291
1 192 1996
1 226 1616
1 261 1354
1 313 1107
1 378 909
1 452 743
1 548 607
1 673 500
1 839 410
1 994 353
1 1259 288
1 1447 255
1 1785 221
1 2113 200
1 2629 181
1 178 2346
1 182 2208
1 188 2075
1 198 1911
1 214 1728
1 233 1555
1 256 1385
1 275 1274
1 304 1141
1 330 1048
1 363 949
1 396 864
1 440 765
1 483 697
1 539 619
1 562 591
1 621 534
1 687 491
1 776 441
1 878 394
1 947 368
1 1051 336
1 1140 313
1 1303 279
1 1406 261
1 1593 238
1 1722 226
1 1838 217
1 1986 207
1 2269 193
1 2580 182
1 2694 180
1 177 2412
1 180 2262
1 186 2116
1 190 2035
1 202 1860
1 211 1758
1 230 1581
1 249 1432
1 265 1330
1 277 1263
1 292 1192
1 325 1065
1 355 972
1 413 824
1 500 673
1 518 648
1 573 579
1 610 542
1 633 526
1 713 476
1 816 421
1 856 403
1 929 374
1 972 360
1 1044 338
1 1095 324
1 1230 294
1 1532 245
1 1798 220
1 1953 209
1 2074 202
1 2199 196
1 2341 190
1 2498 184
1 404 845
1 427 792
1 605 546
1 614 539
1 656 511
1 918 378
1 1173 306
1 1472 252
1 2021 205
1 2093 201
1 2155 198
1 2390 188
