1 137 2326
1 2183 137
1 427 434
1 215 1039
1 1054 217
1 160 1635
1 286 717
1 599 332
1 1614 164
1 144 2016
1 197 1178
1 244 858
1 366 518
1 478 389
1 825 263
1 1215 197
1 1896 147
1 139 2204
1 151 1812
1 174 1439
1 206 1106
1 232 930
1 267 777
1 326 613
1 382 491
1 456 405
1 515 368
1 704 298
1 915 242
1 1084 212
1 1430 178
1 1747 155
1 2085 139
1 138 2256
1 141 2121
1 148 1898
1 155 1726
1 167 1531
1 185 1312
1 199 1161
1 213 1053
1 228 955
1 239 887
1 255 819
1 280 735
1 341 577
1 370 510
1 409 455
1 442 418
1 465 398
1 507 372
1 570 343
1 666 310
1 754 283
1 889 248
1 957 234
1 1142 205
1 1304 189
1 1517 171
1 1732 156
1 1814 151
1 2009 142
1 2131 138
1 140 2162
1 143 2047
1 145 1986
1 150 1840
1 158 1670
1 162 1602
1 169 1504
1 176 1415
1 193 1222
1 211 1068
1 221 1000
1 240 881
1 292 700
1 312 648
1 357 539
1 373 505
1 396 472
1 420 442
1 541 356
1 580 339
1 629 322
1 737 288
1 985 229
1 1151 204
1 1248 194
1 1395 181
1 1586 166
1 1918 146
1 159 1652
1 178 1392
1 563 346
1 1338 186
