1 132 2278
1 2480 142
1 597 504
1 254 1183
1 1160 258
1 182 1562
1 414 769
1 799 371
1 1783 175
1 147 1937
1 210 1377
1 331 953
1 508 608
1 668 445
1 1034 286
1 1460 211
1 2153 149
1 137 2114
1 166 1715
1 197 1453
1 240 1241
1 290 1062
1 383 832
1 453 695
1 551 550
1 645 462
1 753 394
1 885 336
1 1063 278
1 1304 233
1 1586 196
1 2010 157
1 2318 144
1 133 2223
1 141 2039
1 157 1817
1 177 1608
1 186 1532
1 205 1405
1 219 1335
1 248 1207
1 277 1103
1 304 1024
1 353 900
1 393 811
1 436 727
1 483 646
1 524 585
1 565 535
1 627 477
1 653 456
1 690 431
1 782 379
1 836 355
1 974 305
1 1100 270
1 1224 246
1 1345 227
1 1484 208
1 1695 184
1 1902 165
1 2075 153
1 2239 146
1 2398 143
1 135 2161
1 139 2076
1 145 1970
1 149 1911
1 164 1737
1 172 1656
1 194 1474
1 227 1299
1 261 1158
1 284 1080
1 294 1051
1 315 995
1 341 928
1 366 870
1 463 678
1 502 617
1 530 577
1 734 405
1 764 388
1 829 358
1 851 349
1 928 321
1 983 302
1 1072 276
1 1197 251
1 1260 240
1 1402 219
1 1631 191
1 1733 180
1 1829 171
1 1968 160
1 2025 156
1 2133 150
1 2175 148
1 144 1987
1 1877 167
