1 132 2360
1 2392 135
1 425 598
1 225 1172
1 1260 236
1 154 1821
1 320 769
1 822 369
1 1753 165
1 138 2094
1 191 1430
1 262 977
1 371 664
1 583 489
1 980 314
1 1421 205
1 2005 147
1 133 2273
1 141 2022
1 167 1660
1 205 1308
1 253 1016
1 279 910
1 332 736
1 397 629
1 501 541
1 705 421
1 873 349
1 1117 274
1 1313 225
1 1626 178
1 1850 157
1 2202 139
1 137 2124
1 150 1877
1 163 1707
1 175 1580
1 199 1358
1 212 1258
1 236 1110
1 270 945
1 310 801
1 330 741
1 346 708
1 383 647
1 440 585
1 552 507
1 666 442
1 742 404
1 839 362
1 900 340
1 1050 293
1 1204 250
1 1279 232
1 1365 215
1 1516 192
1 1709 169
1 1787 162
1 1935 151
1 2120 142
1 2282 137
1 135 2198
1 146 1939
1 158 1770
1 208 1286
1 216 1231
1 249 1038
1 288 878
1 361 681
1 375 658
1 389 639
1 436 588
1 458 572
1 564 500
1 625 465
1 688 430
1 707 420
1 760 396
1 943 326
1 1033 298
1 1071 287
1 1135 269
1 1457 200
1 1554 187
1 1670 173
1 1920 152
1 2239 138
1 2334 136
1 221 1198
1 352 697
1 799 379
1 1013 304
1 1164 261
1 1501 194
1 1661 174
