1 115 4681
1 4445 161
1 1483 1463
1 611 2876
1 2779 577
1 272 3848
1 1030 2077
1 2057 965
1 3639 286
1 160 4311
1 434 3330
1 836 2405
1 1261 1729
1 1760 1201
1 2404 756
1 3158 426
1 4119 190
1 124 4536
1 200 4125
1 333 3637
1 499 3155
1 703 2669
1 894 2303
1 1184 1838
1 1369 1590
1 1597 1351
1 1889 1095
1 2223 860
1 2567 674
1 3034 471
1 3381 356
1 4325 166
1 118 4597
1 134 4461
1 174 4238
1 231 4002
1 301 3744
1 394 3449
1 460 3258
1 573 2968
1 649 2788
1 763 2547
1 852 2375
1 956 2199
1 1108 1955
1 1220 1786
1 1291 1689
1 1439 1509
1 1526 1420
1 1690 1264
1 1794 1172
1 2006 1003
1 2128 918
1 2313 807
1 2452 731
1 2674 624
1 2896 527
1 3102 446
1 3279 387
1 3525 315
1 3779 252
1 4026 205
1 4211 177
1 4375 162
1 117 4616
1 119 4586
1 128 4505
1 148 4378
1 164 4290
1 190 4167
1 207 4097
1 256 3907
1 287 3794
1 319 3683
1 369 3525
1 411 3398
1 440 3313
1 479 3207
1 524 3091
1 592 2921
1 626 2841
1 683 2713
1 748 2577
1 799 2476
1 881 2325
1 913 2271
1 1011 2108
1 1063 2025
1 1154 1884
1 1195 1822
1 1250 1744
1 1334 1634
1 1402 1551
1 1570 1377
1 1649 1302
1 1741 1218
1 1863 1116
1 1951 1046
1 2046 973
1 2108 931
1 2190 880
1 2270 832
1 2360 780
1 2542 686
1 2609 654
1 2714 606
1 2877 535
1 2974 495
1 3061 461
1 3241 399
1 3337 369
1 3514 318
1 3571 303
1 3741 261
1 3819 243
1 3915 224
1 4087 195
1 4180 181
1 4240 174
1 116 4645
1 140 4425
1 179 4215
1 311 3710
1 345 3599
1 487 3186
1 515 3114
1 551 3023
1 723 2628
1 813 2449
1 988 2146
1 1130 1921
1 1884 1099
1 1913 1076
1 2136 913
1 2287 822
1 2685 619
1 2913 520
1 3207 410
1 3357 363
1 3540 311
1 3704 270
1 3801 247
1 3856 235
1 3876 231
1 3985 212
1 4032 204
1 4159 184
1 4230 175
1 4314 167
1 237 3979
1 247 3941
1 492 3173
1 3164 424
1 3887 229
1 4261 172
