1 136 4667
1 4434 175
1 1443 1554
1 667 2809
1 2880 603
1 263 3990
1 1023 2102
1 1977 1094
1 3628 321
1 165 4425
1 481 3299
1 810 2501
1 1188 1855
1 1745 1265
1 2339 874
1 3293 434
1 4108 203
1 144 4555
1 209 4208
1 370 3637
1 552 3100
1 724 2676
1 967 2201
1 1141 1920
1 1312 1701
1 1591 1406
1 1814 1208
1 2247 926
1 2554 762
1 3100 509
1 3472 370
1 3941 239
1 4270 183
1 140 4597
1 154 4486
1 188 4308
1 228 4126
1 303 3855
1 447 3399
1 524 3176
1 608 2954
1 718 2689
1 774 2573
1 880 2366
1 1014 2117
1 1078 2015
1 1164 1888
1 1248 1779
1 1361 1644
1 1507 1488
1 1658 1343
1 1788 1229
1 1894 1151
1 2112 1009
1 2285 904
1 2427 827
1 2731 674
1 2941 576
1 3175 479
1 3368 407
1 3589 332
1 3762 285
1 4027 220
1 4190 191
1 4339 178
1 137 4648
1 147 4533
1 157 4468
1 181 4343
1 199 4254
1 217 4173
1 247 4050
1 283 3922
1 320 3799
1 409 3515
1 452 3384
1 500 3244
1 540 3132
1 591 2998
1 640 2875
1 695 2743
1 747 2628
1 831 2460
1 913 2303
1 987 2165
1 1055 2051
1 1091 1995
1 1225 1808
1 1277 1743
1 1387 1615
1 1472 1524
1 1555 1441
1 1700 1305
1 1782 1234
1 1860 1175
1 1927 1128
1 2064 1039
1 2216 945
1 2393 845
1 2481 799
1 2654 712
1 2783 649
1 3045 532
1 3147 490
1 3256 448
1 3329 421
1 3410 392
1 3551 344
1 3596 330
1 3709 299
1 3855 261
1 3976 231
1 4093 206
1 4161 195
1 4217 188
1 4294 181
1 4392 176
1 170 4399
1 224 4143
1 291 3895
1 356 3682
1 390 3574
1 425 3466
1 568 3058
1 596 2985
1 616 2934
1 732 2659
1 868 2389
1 942 2248
1 1408 1592
1 1853 1180
1 1962 1104
1 2026 1063
1 2758 661
1 2825 629
1 2981 559
1 3064 524
1 3304 430
1 3499 361
1 3650 315
1 3743 290
1 3820 270
1 3933 241
1 3958 235
1 4055 214
1 4175 193
1 4248 185
1 4363 177
1 383 3596
1 398 3549
