1 136 4532
1 4393 168
1 1381 1565
1 539 2925
1 2790 559
1 255 3801
1 883 2209
1 2076 986
1 3489 304
1 174 4199
1 412 3269
1 754 2435
1 1083 1921
1 1699 1278
1 2488 718
1 3173 401
1 3982 207
1 142 4424
1 218 3957
1 311 3597
1 458 3139
1 656 2651
1 815 2321
1 957 2093
1 1266 1695
1 1506 1446
1 1879 1134
1 2254 865
1 2651 627
1 3009 464
1 3340 346
1 3684 261
1 4223 176
1 139 4459
1 154 4329
1 227 3916
1 282 3698
1 363 3424
1 424 3233
1 517 2980
1 612 2753
1 694 2566
1 780 2385
1 856 2253
1 917 2155
1 1028 1994
1 1174 1806
1 1311 1642
1 1428 1518
1 1618 1346
1 1761 1227
1 1978 1059
1 2171 920
1 2374 788
1 2534 691
1 2689 608
1 2865 525
1 3059 444
1 3221 384
1 3425 321
1 3587 281
1 3839 232
1 4079 193
1 4292 170
1 137 4503
1 150 4358
1 161 4280
1 176 4187
1 210 3999
1 222 3938
1 243 3849
1 274 3728
1 292 3663
1 337 3510
1 386 3351
1 440 3188
1 485 3066
1 566 2861
1 630 2711
1 675 2608
1 725 2498
1 772 2400
1 802 2344
1 998 2035
1 1054 1959
1 1122 1871
1 1188 1789
1 1329 1622
1 1557 1400
1 1651 1318
1 1824 1177
1 1908 1112
1 1998 1044
1 2121 954
1 2219 888
1 2274 852
1 2438 748
1 2515 702
1 2615 646
1 2726 590
1 2825 543
1 2909 506
1 3119 421
1 3198 392
1 3286 363
1 3394 330
1 3454 313
1 3552 289
1 3639 270
1 3747 249
1 3951 212
1 4050 197
1 4159 183
1 4279 171
1 4341 169
1 145 4398
1 168 4236
1 188 4120
1 217 3962
1 268 3751
1 319 3570
1 356 3447
1 380 3370
1 511 2996
1 704 2544
1 748 2448
1 1145 1842
1 1360 1588
1 1625 1340
1 1852 1155
1 2041 1012
1 2327 818
1 2425 756
1 2954 487
1 3184 397
1 3377 335
1 3610 276
1 3790 241
1 3878 225
1 3969 209
1 4126 187
1 4186 180
1 4245 174
1 164 4261
1 213 3983
1 3828 234
1 4134 186
