1 118 4581
1 4442 157
1 1537 1495
1 662 2713
1 2707 645
1 242 3849
1 975 2157
1 2137 982
1 3638 296
1 147 4280
1 437 3251
1 828 2382
1 1244 1813
1 1806 1244
1 2425 791
1 3194 442
1 4088 194
1 124 4444
1 197 4026
1 338 3532
1 512 3058
1 781 2466
1 894 2272
1 1135 1945
1 1372 1669
1 1664 1372
1 1947 1128
1 2312 860
1 2562 716
1 2905 557
1 3391 371
1 3892 233
1 4302 165
1 120 4496
1 131 4381
1 174 4136
1 225 3910
1 291 3684
1 371 3431
1 490 3112
1 598 2855
1 736 2557
1 792 2446
1 857 2331
1 906 2254
1 1058 2045
1 1205 1859
1 1289 1761
1 1456 1580
1 1584 1449
1 1707 1332
1 1842 1214
1 2093 1014
1 2257 897
1 2387 814
1 2489 755
1 2625 684
1 2844 583
1 3012 513
1 3330 392
1 3462 348
1 3753 266
1 3959 218
1 4203 177
1 4341 161
1 119 4523
1 127 4416
1 140 4322
1 163 4193
1 185 4081
1 204 3996
1 233 3881
1 278 3727
1 316 3602
1 353 3486
1 392 3373
1 472 3159
1 547 2975
1 622 2801
1 674 2687
1 767 2494
1 845 2352
1 950 2192
1 1029 2084
1 1097 1994
1 1154 1921
1 1216 1846
1 1275 1777
1 1361 1681
1 1421 1617
1 1512 1521
1 1550 1482
1 1639 1396
1 1756 1288
1 1915 1154
1 2045 1051
1 2175 955
1 2291 874
1 2469 766
1 2532 732
1 2591 701
1 2673 661
1 2768 617
1 2941 542
1 3113 473
1 3221 432
1 3353 384
1 3428 359
1 3596 308
1 3705 278
1 3811 252
1 3954 219
1 4032 204
1 4146 185
1 4250 171
1 4386 159
1 126 4425
1 135 4354
1 150 4263
1 211 3967
1 228 3899
1 257 3798
1 305 3638
1 325 3573
1 370 3434
1 376 3417
1 413 3316
1 440 3243
1 528 3020
1 572 2916
1 651 2737
1 711 2609
1 989 2138
1 1087 2007
1 1177 1893
1 1306 1742
1 1783 1264
1 1887 1177
1 1990 1094
1 2067 1034
1 2223 921
1 2453 775
1 2692 652
1 2997 519
1 3085 484
1 3186 445
1 3289 407
1 3388 372
1 3515 332
1 3649 293
1 3849 243
1 4000 210
1 4119 189
1 4160 183
1 4226 174
1 4284 167
1 4361 160
1 4413 158
1 137 4341
1 155 4236
1 331 3554
1 641 2759
1 3139 463
1 3690 282
