1 122 4595
1 4600 131
1 1531 1476
1 596 2793
1 2828 629
1 308 3604
1 962 2145
1 2148 984
1 3824 275
1 177 4167
1 434 3176
1 765 2448
1 1242 1789
1 1811 1218
1 2384 844
1 3295 441
1 4265 171
1 135 4432
1 236 3892
1 367 3393
1 499 3012
1 714 2544
1 854 2303
1 1144 1907
1 1370 1643
1 1687 1327
1 1949 1118
1 2277 904
1 2630 720
1 3010 552
1 3555 356
1 4029 222
1 4455 143
1 126 4515
1 153 4309
1 202 4045
1 341 3483
1 414 3236
1 475 3071
1 569 2853
1 644 2690
1 750 2475
1 821 2354
1 927 2195
1 1033 2049
1 1153 1896
1 1307 1714
1 1445 1563
1 1602 1407
1 1725 1292
1 1846 1191
1 2070 1036
1 2206 947
1 2335 870
1 2471 799
1 2716 679
1 2888 603
1 3168 489
1 3423 398
1 3652 326
1 3975 235
1 4153 194
1 4324 161
1 4536 135
1 124 4550
1 128 4490
1 143 4376
1 172 4194
1 186 4121
1 218 3971
1 249 3837
1 279 3716
1 320 3559
1 355 3434
1 388 3322
1 425 3202
1 441 3157
1 488 3039
1 535 2930
1 613 2756
1 685 2604
1 723 2526
1 789 2407
1 893 2245
1 936 2182
1 998 2095
1 1068 2004
1 1207 1831
1 1266 1761
1 1336 1681
1 1399 1612
1 1479 1528
1 1572 1436
1 1641 1370
1 1782 1242
1 1830 1203
1 1892 1158
1 2021 1069
1 2179 964
1 2257 916
1 2363 855
1 2440 815
1 2579 745
1 2674 699
1 2767 656
1 2988 561
1 3130 504
1 3217 470
1 3324 431
1 3473 382
1 3587 346
1 3739 300
1 3902 254
1 3979 234
1 4094 207
1 4223 179
1 4306 164
1 4366 155
1 4491 139
1 4576 132
1 123 4571
1 125 4530
1 134 4440
1 148 4342
1 162 4254
1 185 4126
1 196 4073
1 213 3994
1 225 3940
1 259 3796
1 296 3650
1 326 3537
1 406 3262
1 424 3205
1 456 3119
1 674 2627
1 868 2282
1 985 2113
1 1020 2066
1 1104 1958
1 1300 1722
1 1673 1340
1 1789 1236
1 1878 1168
1 1909 1146
1 1971 1103
1 2907 595
1 3204 475
1 3265 452
1 3662 323
1 3766 292
1 3887 258
1 3948 242
1 4228 178
1 4447 144
1 4512 137
1 233 3905
1 1001 2091
1 1133 1921
1 1806 1222
1 3284 445
1 3817 277
1 4388 152
