1 153 4544
1 4508 130
1 1284 1763
1 545 2908
1 2705 686
1 283 3685
1 877 2248
1 1998 1128
1 3568 331
1 179 4221
1 371 3379
1 709 2545
1 1018 2057
1 1714 1362
1 2380 870
1 3095 508
1 4090 193
1 165 4337
1 240 3872
1 312 3569
1 422 3234
1 638 2691
1 794 2385
1 940 2155
1 1154 1900
1 1451 1601
1 1893 1210
1 2158 1015
1 2567 758
1 2873 606
1 3429 376
1 3781 271
1 4313 150
1 157 4450
1 170 4290
1 210 4028
1 266 3757
1 330 3507
1 383 3344
1 479 3081
1 664 2636
1 750 2467
1 836 2315
1 920 2184
1 984 2099
1 1085 1978
1 1225 1824
1 1322 1725
1 1556 1504
1 1770 1313
1 1936 1176
1 2084 1066
1 2276 936
1 2472 814
1 2609 735
1 2750 664
1 2982 557
1 3305 424
1 3478 359
1 3618 316
1 3917 236
1 4222 166
1 4441 133
1 155 4487
1 159 4419
1 166 4327
1 174 4257
1 195 4118
1 219 3981
1 247 3840
1 289 3660
1 309 3580
1 327 3517
1 365 3397
1 401 3293
1 449 3161
1 522 2968
1 559 2874
1 623 2725
1 643 2680
1 682 2599
1 740 2486
1 782 2407
1 810 2358
1 867 2264
1 895 2221
1 1045 2025
1 1113 1946
1 1196 1855
1 1250 1798
1 1404 1646
1 1509 1547
1 1637 1431
1 1748 1332
1 1826 1266
1 1922 1187
1 2024 1109
1 2107 1050
1 2201 986
1 2345 892
1 2434 837
1 2529 780
1 2646 716
1 2717 680
1 2826 628
1 2955 569
1 3007 546
1 3359 403
1 3454 367
1 3711 290
1 3846 254
1 4009 213
1 4186 173
1 4249 161
1 4389 139
1 4480 131
1 154 4514
1 178 4228
1 187 4169
1 204 4063
1 234 3903
1 255 3805
1 341 3472
1 498 3031
1 543 2913
1 593 2794
1 605 2766
1 653 2659
1 1377 1672
1 1607 1458
1 1676 1396
1 1740 1339
1 1763 1319
1 2006 1122
1 2139 1028
1 2290 927
1 2546 770
1 3081 514
1 3142 489
1 3247 447
1 3650 307
1 3755 278
1 3819 261
1 4128 185
1 4333 147
1 4422 135
1 4460 132
1 192 4137
1 205 4057
1 335 3491
1 573 2841
1 4405 137
