1 166 4554
1 4475 117
1 1486 1431
1 579 2850
1 2681 573
1 283 3768
1 1017 2003
1 2039 935
1 3503 288
1 220 4070
1 420 3284
1 790 2393
1 1171 1792
1 1763 1163
1 2367 731
1 3055 430
1 4060 159
1 181 4369
1 239 3962
1 360 3474
1 503 3043
1 699 2576
1 898 2198
1 1094 1892
1 1382 1542
1 1650 1270
1 1879 1062
1 2199 830
1 2547 635
1 2827 512
1 3221 374
1 3875 197
1 4311 125
1 170 4490
1 204 4184
1 226 4032
1 266 3840
1 316 3636
1 381 3406
1 456 3175
1 546 2931
1 636 2718
1 740 2492
1 831 2317
1 961 2092
1 1065 1932
1 1133 1840
1 1310 1626
1 1400 1522
1 1521 1396
1 1710 1213
1 1839 1096
1 1956 999
1 2120 880
1 2267 789
1 2447 687
1 2584 617
1 2745 545
1 2948 468
1 3113 410
1 3413 314
1 3686 242
1 3963 178
1 4184 139
1 4395 119
1 168 4521
1 173 4454
1 188 4310
1 215 4104
1 233 3993
1 254 3893
1 271 3818
1 329 3587
1 372 3435
1 403 3337
1 443 3214
1 485 3093
1 514 3014
1 566 2881
1 605 2789
1 668 2645
1 713 2547
1 767 2438
1 812 2352
1 876 2236
1 931 2142
1 983 2057
1 1056 1945
1 1267 1677
1 1363 1564
1 1430 1490
1 1574 1344
1 1808 1123
1 1873 1067
1 1951 1003
1 2009 957
1 2078 908
1 2183 840
1 2227 813
1 2313 762
1 2412 706
1 2496 661
1 2656 584
1 2774 533
1 2887 490
1 2987 454
1 3291 352
1 3453 302
1 3586 267
1 3794 216
1 3949 181
1 4034 164
1 4155 143
1 4283 128
1 4346 122
1 4431 118
1 167 4537
1 179 4389
1 198 4231
1 231 4004
1 238 3967
1 242 3948
1 276 3797
1 291 3735
1 298 3707
1 353 3499
1 474 3124
1 499 3054
1 534 2962
1 615 2766
1 690 2596
1 867 2252
1 905 2186
1 1031 1982
1 1226 1726
1 1345 1585
1 1614 1305
1 1907 1039
1 2610 605
1 2799 523
1 3035 437
1 3481 294
1 3769 222
1 3811 212
1 4095 153
1 4333 123
1 4361 121
1 189 4302
1 3715 235
