1 108 4555
1 4456 182
1 1573 1351
1 650 2715
1 2708 636
1 265 3727
1 1067 1958
1 1984 997
1 3711 307
1 162 4139
1 448 3189
1 870 2281
1 1293 1661
1 1805 1137
1 2283 827
1 3151 470
1 4206 200
1 122 4385
1 213 3917
1 349 3462
1 526 2996
1 786 2436
1 957 2132
1 1199 1776
1 1443 1489
1 1674 1253
1 1925 1040
1 2132 907
1 2528 711
1 3000 523
1 3382 398
1 3933 254
1 4320 188
1 113 4470
1 132 4314
1 174 4082
1 243 3803
1 296 3626
1 392 3342
1 501 3056
1 572 2889
1 701 2607
1 851 2316
1 897 2233
1 1014 2040
1 1152 1839
1 1222 1747
1 1334 1613
1 1519 1408
1 1613 1311
1 1716 1215
1 1835 1112
1 2094 929
1 2221 859
1 2372 784
1 2577 690
1 2817 593
1 3058 502
1 3303 422
1 3538 354
1 3862 270
1 4075 224
1 4240 195
1 4373 185
1 109 4528
1 118 4418
1 127 4348
1 142 4254
1 201 3966
1 231 3848
1 258 3751
1 278 3684
1 325 3535
1 358 3436
1 424 3254
1 475 3121
1 552 2935
1 591 2846
1 657 2700
1 725 2558
1 885 2254
1 907 2216
1 992 2075
1 1063 1964
1 1119 1885
1 1166 1820
1 1254 1708
1 1427 1507
1 1473 1457
1 1658 1268
1 1706 1224
1 1768 1169
1 1861 1091
1 2035 965
1 2182 880
1 2255 841
1 2320 809
1 2491 728
1 2546 703
1 2642 663
1 2786 605
1 2882 568
1 3019 516
1 3118 481
1 3220 448
1 3352 407
1 3470 373
1 3662 320
1 3783 289
1 3884 265
1 4027 234
1 4127 214
1 4212 199
1 4282 191
1 4336 187
1 4396 184
1 111 4496
1 114 4459
1 128 4341
1 183 4043
1 212 3921
1 245 3796
1 316 3563
1 367 3411
1 445 3197
1 622 2777
1 683 2645
1 968 2114
1 1021 2029
1 1084 1934
1 1231 1736
1 1362 1581
1 1636 1289
1 2053 954
1 2728 628
1 2950 542
1 3271 432
1 3431 384
1 3640 326
1 3924 256
1 3961 248
1 4166 207
1 4307 189
1 4354 186
1 4424 183
1 1398 1540
