1 2314 -2440
1 5948 -6106
1 3760 -4445
1 2864 -3413
1 4960 -5505
1 2453 -2773
1 3295 -3943
1 4328 -4979
1 5616 -5955
1 2357 -2576
1 2590 -3006
1 3047 -3648
1 3551 -4227
1 4017 -4694
1 4742 -5333
1 5236 -5708
1 5869 -6086
1 2329 -2499
1 2396 -2665
1 2535 -2915
1 2737 -3229
1 2960 -3539
1 3152 -3775
1 3427 -4092
1 3661 -4344
1 3862 -4546
1 4179 -4844
1 4515 -5141
1 4872 -5437
1 5106 -5614
1 5462 -5859
1 5714 -6009
1 5904 -6097
1 2324 -2480
1 2338 -2526
1 2376 -2620
1 2421 -2714
1 2484 -2827
1 2570 -2973
1 2674 -3135
1 2809 -3334
1 2917 -3483
1 2998 -3587
1 3103 -3716
1 3230 -3867
1 3391 -4052
1 3467 -4136
1 3620 -4301
1 3700 -4384
1 3826 -4511
1 3935 -4616
1 4115 -4785
1 4269 -4926
1 4400 -5042
1 4681 -5282
1 4930 -5482
1 5048 -5571
1 5197 -5680
1 5354 -5788
1 5541 -5909
1 5667 -5984
1 5805 -6055
1 5883 -6091
1 5928 -6103
1 2348 -2553
1 2363 -2590
1 2406 -2685
1 2436 -2742
1 2506 -2865
1 2649 -3097
1 2696 -3168
1 2787 -3302
1 2845 -3386
1 2901 -3462
1 3018 -3612
1 3070 -3676
1 3132 -3751
1 3190 -3820
1 3282 -3928
1 3323 -3975
1 3514 -4187
1 3592 -4271
1 3638 -4320
1 3889 -4572
1 4000 -4678
1 4074 -4747
1 4167 -4833
1 4225 -4886
1 4289 -4944
1 4451 -5086
1 4569 -5187
1 4724 -5318
1 4778 -5362
1 4823 -5398
1 5079 -5594
1 5139 -5638
1 5305 -5755
1 5439 -5844
1 5514 -5892
1 5554 -5917
1 5631 -5964
1 5761 -6033
1 5840 -6072
1 5880 -6090
1 5939 -6105
1 2448 -2764
1 2610 -3037
1 2750 -3248
1 3253 -3894
1 3368 -4026
1 3502 -4174
1 4635 -5243
1 5401 -5819
