1 1039 -1097
1 2386 -2476
1 1443 -1756
1 1197 -1430
1 1875 -2142
1 1086 -1222
1 1332 -1628
1 1677 -1979
1 2156 -2346
1 1051 -1137
1 1110 -1271
1 1235 -1491
1 1390 -1700
1 1532 -1845
1 1720 -2017
1 2010 -2242
1 2291 -2428
1 1044 -1114
1 1069 -1183
1 1154 -1353
1 1215 -1459
1 1281 -1558
1 1356 -1658
1 1408 -1720
1 1617 -1924
1 1759 -2049
1 1934 -2186
1 2073 -2287
1 2239 -2398
1 2346 -2457
1 1050 -1134
1 1125 -1299
1 1179 -1398
1 1250 -1513
1 1589 -1898
1 1810 -2090
1 1999 -2234
1 2118 -2319
1 2202 -2375
1 2315 -2441
1 2367 -2467
