1 2313 -4220
1 6275 -8158
1 3682 -7109
1 2700 -5724
1 4790 -7825
1 2427 -4990
1 3148 -6477
1 4250 -7537
1 5533 -8065
1 2334 -4532
1 2559 -5397
1 2897 -6085
1 3469 -6882
1 3918 -7310
1 4520 -7697
1 5298 -8005
1 5886 -8125
1 2320 -4417
1 2375 -4773
1 2469 -5138
1 2630 -5573
1 2782 -5884
1 3029 -6298
1 3267 -6635
1 3565 -6988
1 3802 -7218
1 4074 -7419
1 4355 -7603
1 4686 -7780
1 4971 -7895
1 5402 -8032
1 5764 -8108
1 6126 -8151
1 2315 -4282
1 2322 -4437
1 2357 -4674
1 2393 -4851
1 2451 -5077
1 2516 -5278
1 2587 -5470
1 2663 -5645
1 2731 -5787
1 2805 -5925
1 2982 -6224
1 3109 -6420
1 3225 -6580
1 3360 -6751
1 3495 -6912
1 3639 -7066
1 3732 -7156
1 3846 -7254
1 4003 -7370
1 4212 -7512
1 4292 -7564
1 4405 -7632
1 4627 -7752
1 4705 -7789
1 4876 -7859
1 5125 -7948
1 5340 -8016
1 5453 -8045
1 5589 -8077
1 5805 -8114
1 6028 -8141
1 6189 -8155
1 2318 -4364
1 2330 -4501
1 2344 -4595
1 2365 -4720
1 2414 -4938
1 2494 -5214
1 2545 -5359
1 2583 -5460
1 2617 -5542
1 2635 -5584
1 2683 -5688
1 2720 -5765
1 2754 -5831
1 2797 -5911
1 2836 -5979
1 2942 -6159
1 3066 -6355
1 3124 -6442
1 3159 -6492
1 3253 -6617
1 3314 -6694
1 3409 -6810
1 3535 -6956
1 3583 -7007
1 3708 -7134
1 3769 -7189
1 3836 -7246
1 3925 -7315
1 4145 -7467
1 4340 -7594
1 4435 -7649
1 4574 -7725
1 4897 -7867
1 5046 -7921
1 5227 -7982
1 5367 -8023
1 5565 -8072
1 5700 -8097
1 5964 -8134
1 6084 -8147
1 6156 -8153
1 6233 -8157
1 2491 -5205
1 2773 -5867
1 2878 -6052
1 2928 -6136
1 2969 -6203
1 3302 -6679
1 3721 -7146
1 4504 -7688
1 5644 -8087
1 6104 -8149
