1 4581 -4888
1 11030 -10929
1 7220 -8260
1 5422 -6324
1 9426 -10078
1 4790 -5397
1 6228 -7277
1 8280 -9199
1 10441 -10731
1 4647 -5103
1 5077 -5852
1 5799 -6789
1 6741 -7803
1 7838 -8821
1 8887 -9681
1 10045 -10496
1 10778 -10888
1 4606 -4997
1 4724 -5275
1 4953 -5665
1 5226 -6063
1 5644 -6602
1 6017 -7042
1 6504 -7566
1 6916 -7973
1 7518 -8534
1 8086 -9037
1 8607 -9462
1 9069 -9819
1 9819 -10347
1 10233 -10614
1 10657 -10838
1 10912 -10917
1 4590 -4938
1 4622 -5041
1 4688 -5198
1 4748 -5321
1 4883 -5552
1 5003 -5741
1 5162 -5975
1 5344 -6222
1 5532 -6463
1 5708 -6680
1 5904 -6912
1 6137 -7177
1 6329 -7385
1 6811 -7872
1 7071 -8120
1 7358 -8388
1 7701 -8699
1 7932 -8904
1 8146 -9088
1 8394 -9292
1 8754 -9578
1 8998 -9766
1 9303 -9990
1 9600 -10198
1 9913 -10410
1 10150 -10563
1 10341 -10676
1 10567 -10795
1 10698 -10857
1 10832 -10903
1 10997 -10928
1 4584 -4908
1 4597 -4966
1 4610 -5009
1 4638 -5081
1 4666 -5148
1 4706 -5237
1 4740 -5306
1 4778 -5376
1 4860 -5514
1 4910 -5596
1 4964 -5682
1 5116 -5909
1 5273 -6127
1 5388 -6280
1 5459 -6371
1 5568 -6508
1 5679 -6645
1 5773 -6758
1 5845 -6843
1 5942 -6956
1 6203 -7250
1 6268 -7320
1 6397 -7456
1 6844 -7904
1 6979 -8033
1 7121 -8167
1 7280 -8316
1 7406 -8432
1 7612 -8619
1 7748 -8741
1 7898 -8874
1 7999 -8962
1 8211 -9142
1 8335 -9244
1 8455 -9341
1 8660 -9504
1 8844 -9648
1 8934 -9717
1 9018 -9781
1 9174 -9896
1 9392 -10054
1 9530 -10150
1 9729 -10286
1 9865 -10378
1 10014 -10476
1 10084 -10521
1 10213 -10602
1 10274 -10638
1 10377 -10696
1 10493 -10758
1 10604 -10813
1 10749 -10877
1 10804 -10896
1 10864 -10909
1 10944 -10922
1 4582 -4895
1 4617 -5028
1 4652 -5115
1 4684 -5189
1 4699 -5222
1 4726 -5279
1 4761 -5345
1 4812 -5434
1 4933 -5633
1 5134 -5935
1 5259 -6108
1 5302 -6166
1 5369 -6255
1 5505 -6429
1 5610 -6560
1 5898 -6905
1 5976 -6995
1 6048 -7077
1 6112 -7149
1 6164 -7207
1 6283 -7336
1 6351 -7408
1 6429 -7489
1 6894 -7952
1 7017 -8069
1 7463 -8484
1 7571 -8582
1 7652 -8655
1 7962 -8930
1 8021 -8981
1 8164 -9103
1 8378 -9279
1 8445 -9333
1 8573 -9435
1 8712 -9545
1 9118 -9855
1 9281 -9974
1 9353 -10026
1 9399 -10059
1 9488 -10121
1 9638 -10224
1 9782 -10322
1 9945 -10431
1 10059 -10505
1 10174 -10578
1 10255 -10627
1 10295 -10650
1 10408 -10713
1 10462 -10742
1 10713 -10863
1 10784 -10890
1 10847 -10906
1 10937 -10921
1 10978 -10926
1 6466 -7527
1 7550 -8563
1 9222 -9931
1 9660 -10239
1 10325 -10667
