1 1404 -1536
1 3088 -3221
1 2113 -2498
1 1597 -1905
1 2855 -3108
1 1437 -1638
1 1848 -2212
1 2353 -2715
1 2975 -3179
1 1409 -1578
1 1530 -1806
1 1740 -2086
1 1979 -2357
1 2249 -2627
1 2590 -2907
1 2918 -3150
1 3051 -3209
1 1406 -1553
1 1417 -1599
1 1491 -1739
1 1567 -1863
1 1632 -1952
1 1804 -2161
1 1946 -2321
1 2041 -2423
1 2161 -2546
1 2289 -2662
1 2480 -2819
1 2706 -2996
1 2949 -3166
1 3000 -3190
1 3076 -3218
1 1414 -1592
1 1474 -1708
1 1511 -1774
1 1565 -1860
1 1574 -1873
1 1617 -1932
1 1697 -2033
1 1762 -2112
1 1892 -2261
1 2087 -2471
1 2216 -2597
1 2282 -2656
1 2324 -2691
1 2442 -2788
1 2547 -2873
1 2635 -2942
1 2804 -3070
1 1447 -1657
1 1660 -1987
1 2392 -2747
1 2453 -2797
1 2576 -2896
1 2677 -2974
1 2743 -3024
