1 1666 -3723
1 4260 -6411
1 2604 -5668
1 1870 -4606
1 3425 -6241
1 1711 -4192
1 2160 -5116
1 2982 -5991
1 3794 -6356
1 1677 -3979
1 1795 -4446
1 2030 -4918
1 2412 -5456
1 2800 -5844
1 3234 -6142
1 3613 -6310
1 4073 -6398
1 1669 -3847
1 1690 -4081
1 1732 -4272
1 1836 -4535
1 1945 -4754
1 2074 -4990
1 2287 -5291
1 2480 -5537
1 2648 -5711
1 2875 -5908
1 3025 -6020
1 3312 -6185
1 3505 -6275
1 3758 -6348
1 3923 -6379
1 4189 -6408
1 1667 -3774
1 1674 -3934
1 1684 -4036
1 1694 -4104
1 1720 -4230
1 1755 -4340
1 1816 -4492
1 1893 -4652
1 1983 -4828
1 2049 -4950
1 2090 -5014
1 2225 -5206
1 2353 -5379
1 2458 -5511
1 2532 -5593
1 2617 -5681
1 2703 -5760
1 2931 -5953
1 3138 -6087
1 3281 -6168
1 3383 -6221
1 3467 -6259
1 3543 -6288
1 3699 -6333
1 3766 -6350
1 3835 -6364
1 4048 -6395
1 4112 -6402
1 1671 -3882
1 1727 -4256
1 1770 -4380
1 1800 -4457
1 1923 -4711
1 2008 -4876
1 2140 -5087
1 2196 -5166
1 2260 -5254
1 2404 -5446
1 2417 -5462
1 2552 -5614
1 2748 -5799
1 2961 -5976
1 3094 -6061
1 3157 -6098
1 3367 -6213
1 3562 -6294
1 3680 -6328
1 3804 -6358
1 3881 -6372
1 3977 -6386
1 4092 -6400
1 4163 -6406
1 1725 -4249
