1 2870 -4902
1 7514 -8718
1 4289 -7448
1 3200 -6199
1 5975 -8411
1 2947 -5627
1 3705 -6887
1 5177 -8037
1 6860 -8665
1 2886 -5210
1 3034 -5876
1 3389 -6497
1 3993 -7188
1 4659 -7713
1 5453 -8185
1 6433 -8565
1 7206 -8706
1 2875 -5065
1 2920 -5473
1 2986 -5759
1 3084 -5984
1 3298 -6364
1 3514 -6661
1 3820 -7011
1 4114 -7298
1 4478 -7590
1 4953 -7903
1 5370 -8145
1 5754 -8321
1 6239 -8506
1 6663 -8622
1 7034 -8690
1 7325 -8713
1 2873 -5018
1 2880 -5138
1 2902 -5345
1 2942 -5606
1 2965 -5695
1 3023 -5851
1 3063 -5939
1 3133 -6077
1 3253 -6292
1 3327 -6407
1 3438 -6563
1 3607 -6772
1 3765 -6952
1 3935 -7130
1 4033 -7226
1 4219 -7389
1 4348 -7494
1 4581 -7661
1 4795 -7802
1 5065 -7971
1 5291 -8101
1 5415 -8167
1 5583 -8245
1 5872 -8370
1 6151 -8476
1 6388 -8552
1 6510 -8585
1 6756 -8643
1 6940 -8677
1 7111 -8698
1 7282 -8711
1 7380 -8715
1 2871 -4946
1 2874 -5042
1 2877 -5097
1 2885 -5199
1 2895 -5286
1 2909 -5396
1 2932 -5546
1 2956 -5662
1 2981 -5744
1 2989 -5767
1 3045 -5900
1 3126 -6064
1 3162 -6130
1 3242 -6273
1 3264 -6310
1 3384 -6490
1 3491 -6632
1 3555 -6710
1 3657 -6831
1 3792 -6981
1 3895 -7089
1 4062 -7252
1 4154 -7333
1 4246 -7412
1 4305 -7461
1 4453 -7572
1 4524 -7622
1 4738 -7765
1 4893 -7865
1 5020 -7944
1 5146 -8019
1 5250 -8078
1 5350 -8134
1 5378 -8149
1 5535 -8223
1 5699 -8297
1 5792 -8337
1 5937 -8396
1 6010 -8424
1 6189 -8489
1 6270 -8516
1 6440 -8567
1 6591 -8605
1 6807 -8654
1 6982 -8683
1 7060 -8693
1 7158 -8702
1 7459 -8717
1 2872 -4983
1 3195 -6190
1 3246 -6280
1 3362 -6458
1 3843 -7035
1 4043 -7235
1 4097 -7283
1 4176 -7352
1 4387 -7523
1 4485 -7595
1 4868 -7849
1 5468 -8192
1 5561 -8235
1 5634 -8268
1 6075 -8448
1 6251 -8510
1 6306 -8527
1 6850 -8663
1 7026 -8689
