1 2127 -2238
1 4764 -4818
1 3242 -3795
1 2427 -2885
1 4033 -4466
1 2198 -2501
1 2797 -3328
1 3683 -4197
1 4448 -4717
1 2146 -2364
1 2292 -2679
1 2534 -3023
1 3015 -3567
1 3470 -4012
1 3819 -4309
1 4236 -4594
1 4611 -4782
1 2132 -2300
1 2165 -2419
1 2241 -2588
1 2326 -2734
1 2509 -2992
1 2658 -3169
1 2907 -3450
1 3099 -3653
1 3340 -3890
1 3548 -4081
1 3775 -4274
1 3934 -4395
1 4143 -4537
1 4405 -4694
1 4543 -4759
1 4701 -4806
1 2128 -2264
1 2135 -2319
1 2152 -2383
1 2186 -2472
1 2211 -2529
1 2265 -2631
1 2301 -2694
1 2409 -2859
1 2453 -2919
1 2588 -3087
1 2729 -3251
1 2887 -3428
1 2951 -3498
1 3047 -3600
1 3195 -3749
1 3283 -3835
1 3434 -3979
1 3523 -4059
1 3606 -4131
1 3763 -4264
1 3790 -4286
1 3887 -4360
1 3960 -4414
1 4102 -4511
1 4187 -4564
1 4311 -4639
1 4434 -4710
1 4519 -4749
1 4577 -4771
1 4659 -4796
1 4710 -4808
1 2129 -2276
1 2139 -2336
1 2149 -2374
1 2176 -2447
1 2225 -2557
1 2251 -2606
1 2319 -2723
1 2349 -2769
1 2577 -3074
1 2628 -3134
1 2677 -3191
1 2759 -3285
1 2989 -3539
1 3312 -3863
1 3378 -3926
1 3488 -4028
1 3540 -4074
1 3720 -4228
1 4016 -4454
1 4045 -4474
1 4156 -4545
1 4284 -4623
1 4369 -4673
1 4492 -4737
1 4637 -4790
1 4726 -4811
1 2605 -3107
1 4065 -4487
1 4753 -4816
