1 2721 -5414
1 7519 -9856
1 4261 -8442
1 3110 -7010
1 5738 -9418
1 2814 -6190
1 3558 -7692
1 4876 -8925
1 6685 -9744
1 2749 -5809
1 2932 -6589
1 3278 -7307
1 3849 -8029
1 4568 -8704
1 5294 -9179
1 6228 -9614
1 7154 -9834
1 2732 -5630
1 2774 -5989
1 2881 -6434
1 2986 -6732
1 3198 -7175
1 3412 -7501
1 3723 -7889
1 4064 -8249
1 4415 -8576
1 4680 -8789
1 5077 -9051
1 5641 -9374
1 5959 -9510
1 6439 -9678
1 6949 -9799
1 7321 -9851
1 2727 -5552
1 2742 -5743
1 2766 -5939
1 2796 -6103
1 2859 -6357
1 2899 -6491
1 2959 -6661
1 3038 -6852
1 3177 -7137
1 3223 -7218
1 3353 -7419
1 3492 -7609
1 3654 -7808
1 3808 -7984
1 3892 -8074
1 4148 -8333
1 4344 -8515
1 4467 -8620
1 4618 -8742
1 4818 -8886
1 4961 -8980
1 5186 -9116
1 5506 -9299
1 5659 -9383
1 5818 -9452
1 6035 -9540
1 6391 -9664
1 6599 -9721
1 6820 -9773
1 7072 -9821
1 7243 -9845
1 7456 -9855
1 2724 -5488
1 2736 -5678
1 2747 -5792
1 2757 -5873
1 2770 -5965
1 2804 -6142
1 2836 -6272
1 2921 -6557
1 3012 -6793
1 3090 -6967
1 3133 -7054
1 3217 -7208
1 3271 -7296
1 3326 -7379
1 3386 -7465
1 3453 -7557
1 3518 -7642
1 3593 -7735
1 3705 -7868
1 3763 -7934
1 3940 -8123
1 4190 -8374
1 4274 -8454
1 4394 -8558
1 4521 -8665
1 4775 -8856
1 4831 -8895
1 4939 -8966
1 4992 -8999
1 5120 -9077
1 5256 -9157
1 5359 -9216
1 5572 -9336
1 5688 -9396
1 5768 -9431
1 5932 -9499
1 6002 -9527
1 6100 -9565
1 6306 -9638
1 6432 -9676
1 6517 -9699
1 6745 -9757
1 6893 -9788
1 6996 -9808
1 7169 -9836
1 7265 -9847
1 7380 -9853
1 2726 -5532
1 2753 -5842
1 2853 -6335
1 3060 -6901
1 3152 -7090
1 3242 -7249
1 3613 -7759
1 3730 -7897
1 4001 -8185
1 4217 -8400
1 4704 -8806
1 5059 -9040
1 5428 -9255
1 5881 -9478
1 6147 -9583
1 6898 -9789
1 7234 -9844
