1 4091 -4333
1 9603 -10125
1 6167 -7488
1 4774 -5795
1 8142 -9276
1 4241 -4879
1 5400 -6630
1 7066 -8372
1 9115 -9934
1 4129 -4574
1 4411 -5205
1 4998 -6116
1 5755 -7043
1 6622 -7952
1 7554 -8803
1 8645 -9641
1 9398 -10074
1 4099 -4428
1 4181 -4732
1 4331 -5061
1 4601 -5524
1 4885 -5958
1 5195 -6375
1 5539 -6796
1 5941 -7247
1 6422 -7753
1 6866 -8187
1 7411 -8681
1 7813 -9018
1 8425 -9486
1 8852 -9777
1 9296 -10027
1 9532 -10116
1 4094 -4390
1 4112 -4504
1 4144 -4628
1 4207 -4798
1 4288 -4976
1 4391 -5170
1 4489 -5338
1 4695 -5674
1 4836 -5887
1 4961 -6065
1 5121 -6279
1 5305 -6514
1 5433 -6670
1 5652 -6927
1 5811 -7105
1 6066 -7381
1 6325 -7653
1 6559 -7890
1 6762 -8088
1 6950 -8266
1 7270 -8556
1 7457 -8721
1 7704 -8928
1 7916 -9100
1 8279 -9379
1 8581 -9597
1 8786 -9735
1 8997 -9865
1 9190 -9974
1 9352 -10054
1 9469 -10100
1 9558 -10121
1 4092 -4360
1 4098 -4421
1 4108 -4483
1 4125 -4559
1 4153 -4655
1 4192 -4760
1 4235 -4866
1 4266 -4931
1 4314 -5028
1 4340 -5078
1 4453 -5277
1 4571 -5475
1 4637 -5582
1 4719 -5711
1 4802 -5837
1 4851 -5909
1 4916 -6002
1 5080 -6225
1 5157 -6326
1 5240 -6432
1 5363 -6585
1 5414 -6647
1 5501 -6751
1 5632 -6904
1 5697 -6978
1 5772 -7062
1 5896 -7198
1 6007 -7318
1 6115 -7433
1 6229 -7553
1 6355 -7684
1 6707 -8035
1 6808 -8132
1 6883 -8203
1 7002 -8314
1 7139 -8438
1 7298 -8581
1 7435 -8702
1 7490 -8749
1 7756 -8971
1 7858 -9054
1 8026 -9186
1 8171 -9298
1 8351 -9432
1 8496 -9537
1 8811 -9751
1 8912 -9814
1 9031 -9885
1 9126 -9940
1 9335 -10046
1 9372 -10063
1 9441 -10090
1 9500 -10108
1 9574 -10123
1 4095 -4398
1 4103 -4453
1 4114 -4513
1 4126 -4563
1 4170 -4702
1 4205 -4793
1 4216 -4820
1 4366 -5125
1 4473 -5311
1 4520 -5390
1 4622 -5558
1 4669 -5633
1 4755 -5766
1 4860 -5922
1 4904 -5985
1 5025 -6152
1 5181 -6357
1 5259 -6456
1 5336 -6552
1 5459 -6701
1 5576 -6839
1 5864 -7163
1 5907 -7210
1 5954 -7261
1 6149 -7469
1 6275 -7601
1 6388 -7718
1 6671 -8000
1 6786 -8111
1 7013 -8324
1 7108 -8410
1 7200 -8493
1 7289 -8573
1 7368 -8643
1 7579 -8824
1 7645 -8879
1 7796 -9004
1 7994 -9161
1 8107 -9249
1 8321 -9410
1 8403 -9470
1 8454 -9507
1 8520 -9554
1 8703 -9680
1 8730 -9698
1 8822 -9758
1 8889 -9800
1 9171 -9964
1 9466 -10099
1 4681 -5652
1 7939 -9118
1 8129 -9266
1 9452 -10094
