1 3130 -3248
1 8155 -8410
1 5099 -6039
1 3688 -4367
1 6865 -7641
1 3257 -3667
1 4421 -5300
1 5949 -6861
1 7640 -8171
1 3155 -3421
1 3441 -3997
1 4031 -4823
1 4771 -5696
1 5544 -6480
1 6451 -7305
1 7257 -7928
1 7937 -8330
1 3138 -3343
1 3189 -3519
1 3338 -3820
1 3536 -4144
1 3889 -4640
1 4192 -5024
1 4615 -5522
1 4923 -5857
1 5331 -6271
1 5697 -6626
1 6221 -7106
1 6716 -7524
1 7072 -7798
1 7396 -8021
1 7793 -8258
1 8029 -8369
1 3134 -3304
1 3147 -3390
1 3173 -3478
1 3212 -3571
1 3299 -3747
1 3383 -3899
1 3489 -4073
1 3620 -4268
1 3748 -4450
1 3981 -4759
1 4107 -4919
1 4298 -5153
1 4533 -5429
1 4690 -5606
1 4831 -5760
1 5037 -5975
1 5396 -6335
1 5645 -6577
1 5844 -6764
1 6075 -6975
1 6304 -7179
1 6579 -7412
1 6761 -7560
1 7002 -7746
1 7109 -7825
1 7337 -7982
1 7500 -8086
1 7743 -8231
1 7866 -8296
1 7967 -8343
1 8111 -8397
1 3132 -3279
1 3136 -3326
1 3142 -3367
1 3162 -3444
1 3180 -3496
1 3202 -3549
1 3231 -3612
1 3279 -3709
1 3307 -3762
1 3360 -3859
1 3416 -3955
1 3451 -4013
1 3506 -4099
1 3588 -4221
1 3661 -4328
1 3723 -4416
1 3807 -4530
1 3926 -4688
1 3995 -4777
1 4053 -4851
1 4162 -4987
1 4233 -5074
1 4394 -5268
1 4492 -5382
1 4570 -5471
1 4734 -5655
1 4885 -5817
1 4979 -5915
1 5501 -6438
1 5599 -6533
1 5663 -6594
1 5797 -6720
1 5902 -6818
1 6194 -7082
1 6263 -7143
1 6520 -7363
1 6668 -7485
1 6807 -7596
1 6931 -7692
1 7042 -7776
1 7192 -7883
1 7291 -7951
1 7376 -8008
1 7461 -8062
1 7585 -8138
1 7712 -8213
1 7754 -8237
1 7814 -8269
1 7888 -8307
1 8012 -8362
1 8066 -8382
1 8127 -8402
1 3137 -3335
1 3170 -3469
1 3247 -3646
1 3565 -4187
1 3648 -4309
1 3776 -4488
1 3871 -4616
1 4099 -4909
1 4284 -5136
1 4338 -5201
1 4453 -5337
1 4743 -5665
1 5449 -6387
1 5764 -6689
1 5829 -6750
1 5914 -6829
1 6135 -7029
1 6238 -7121
1 6340 -7210
1 6424 -7282
1 6489 -7337
1 6532 -7373
1 6602 -7431
1 6896 -7665
1 6948 -7705
1 7139 -7846
1 7415 -8033
1 7549 -8116
1 8046 -8375
