1 4546 -4688
1 10851 -10976
1 7173 -8343
1 5371 -6286
1 9141 -10061
1 4770 -5312
1 6171 -7275
1 8139 -9248
1 10131 -10695
1 4612 -4976
1 5035 -5773
1 5759 -6787
1 6680 -7837
1 7722 -8870
1 8714 -9730
1 9663 -10419
1 10560 -10897
1 4561 -4805
1 4686 -5147
1 4924 -5589
1 5205 -6039
1 5585 -6570
1 5957 -7027
1 6454 -7593
1 6930 -8100
1 7438 -8601
1 7929 -9061
1 8437 -9502
1 8904 -9880
1 9363 -10217
1 9914 -10574
1 10405 -10831
1 10721 -10953
1 4552 -4747
1 4582 -4882
1 4630 -5024
1 4712 -5199
1 4842 -5443
1 4942 -5620
1 5116 -5901
1 5288 -6164
1 5428 -6363
1 5622 -6617
1 5858 -6908
1 6095 -7188
1 6301 -7422
1 6545 -7692
1 6850 -8017
1 7322 -8489
1 7570 -8727
1 7823 -8964
1 8017 -9140
1 8312 -9396
1 8605 -9641
1 8789 -9790
1 9064 -10003
1 9247 -10136
1 9510 -10317
1 9761 -10481
1 9999 -10623
1 10280 -10771
1 10466 -10859
1 10659 -10934
1 10816 -10973
1 4549 -4721
1 4555 -4767
1 4576 -4861
1 4603 -4950
1 4624 -5009
1 4656 -5082
1 4736 -5246
1 4800 -5367
1 4893 -5534
1 4968 -5663
1 5079 -5843
1 5168 -5982
1 5226 -6071
1 5327 -6222
1 5395 -6319
1 5530 -6498
1 5606 -6597
1 5655 -6658
1 5816 -6857
1 5926 -6990
1 6014 -7094
1 6122 -7219
1 6261 -7377
1 6376 -7506
1 6483 -7625
1 6636 -7790
1 6761 -7923
1 6871 -8039
1 7236 -8405
1 7388 -8553
1 7486 -8647
1 7658 -8810
1 7780 -8924
1 7859 -8997
1 7980 -9107
1 8080 -9196
1 8203 -9303
1 8359 -9436
1 8474 -9533
1 8649 -9677
1 8755 -9763
1 8850 -9838
1 9021 -9970
1 9089 -10022
1 9186 -10093
1 9304 -10176
1 9448 -10275
1 9715 -10452
1 9810 -10511
1 9964 -10603
1 10079 -10667
1 10180 -10721
1 10359 -10809
1 10435 -10845
1 10517 -10880
1 10639 -10927
1 10687 -10943
1 10752 -10961
1 10836 -10975
1 4548 -4711
1 4551 -4739
1 4567 -4828
1 4597 -4931
1 4621 -5001
1 4646 -5060
1 4673 -5119
1 4754 -5281
1 4832 -5425
1 4870 -5493
1 4911 -5566
1 4999 -5714
1 5055 -5805
1 5093 -5865
1 5150 -5954
1 5366 -6279
1 5471 -6420
1 5559 -6536
1 5709 -6725
1 5794 -6830
1 5887 -6943
1 5936 -7002
1 5985 -7060
1 6051 -7137
1 6223 -7334
1 6393 -7525
1 6520 -7665
1 6728 -7888
1 6813 -7978
1 6898 -8067
1 7283 -8451
1 7508 -8668
1 7624 -8778
1 7906 -9040
1 7960 -9089
1 8131 -9241
1 8154 -9261
1 8278 -9367
1 8339 -9419
1 8537 -9585
1 8687 -9708
1 8735 -9747
1 9162 -10076
1 9203 -10105
1 9294 -10169
1 9350 -10208
1 9382 -10230
1 9476 -10294
1 9565 -10354
1 9646 -10408
1 9774 -10489
1 9894 -10562
1 9945 -10592
1 10037 -10644
1 10307 -10784
1 10527 -10884
1 10591 -10909
1 10697 -10946
1 10748 -10960
1 10757 -10962
1 10825 -10974
1 4585 -4892
1 5024 -5755
1 5502 -6461
1 8497 -9552
1 10578 -10904
1 10789 -10968
