1 1353 -2507
1 3139 -4466
1 1877 -3842
1 1424 -3063
1 2547 -4347
1 1374 -2833
1 1596 -3419
1 2262 -4173
1 2773 -4427
1 1361 -2684
1 1397 -2971
1 1497 -3225
1 1745 -3660
1 1988 -3954
1 2382 -4254
1 2639 -4386
1 2998 -4457
1 1354 -2557
1 1366 -2751
1 1414 -3032
1 1460 -3144
1 1568 -3369
1 1679 -3557
1 1816 -3765
1 1962 -3929
1 2117 -4061
1 2341 -4228
1 2407 -4269
1 2588 -4366
1 2761 -4424
1 2814 -4435
1 3066 -4463
1 1358 -2637
1 1363 -2713
1 1373 -2823
1 1380 -2870
1 1396 -2966
1 1451 -3124
1 1465 -3155
1 1541 -3315
1 1629 -3475
1 1722 -3625
1 1786 -3721
1 1851 -3811
1 1906 -3872
1 1967 -3934
1 2050 -4007
1 2201 -4127
1 2282 -4188
1 2352 -4235
1 2530 -4338
1 2568 -4357
1 2648 -4389
1 2935 -4450
1 1356 -2598
1 1427 -3070
1 1518 -3268
1 1626 -3470
1 1696 -3584
1 1866 -3829
1 2136 -4076
1 2487 -4314
1 2543 -4345
1 2706 -4407
1 2860 -4441
