1 3580 -3786
1 9484 -9582
1 6098 -7121
1 4517 -5339
1 7942 -8710
1 3835 -4357
1 5358 -6344
1 7114 -8061
1 8868 -9324
1 3648 -4011
1 4103 -4769
1 4897 -5812
1 5689 -6706
1 6657 -7655
1 7499 -8378
1 8445 -9063
1 9264 -9528
1 3593 -3862
1 3728 -4173
1 3968 -4568
1 4291 -5034
1 4736 -5617
1 5106 -6057
1 5482 -6483
1 5886 -6909
1 6357 -7372
1 6907 -7880
1 7265 -8189
1 7705 -8536
1 8210 -8903
1 8693 -9220
1 9073 -9436
1 9371 -9564
1 3582 -3815
1 3621 -3945
1 3694 -4107
1 3778 -4261
1 3882 -4433
1 4022 -4650
1 4205 -4914
1 4433 -5227
1 4625 -5477
1 4767 -5655
1 5007 -5942
1 5202 -6167
1 5438 -6434
1 5553 -6560
1 5803 -6824
1 6252 -7271
1 6517 -7524
1 6766 -7754
1 7017 -7977
1 7169 -8108
1 7410 -8307
1 7589 -8448
1 7782 -8593
1 8137 -8851
1 8292 -8960
1 8536 -9122
1 8775 -9270
1 9010 -9403
1 9164 -9482
1 9324 -9552
1 9439 -9579
1 3581 -3804
1 3585 -3830
1 3606 -3902
1 3633 -3977
1 3661 -4039
1 3713 -4145
1 3743 -4200
1 3826 -4342
1 3869 -4412
1 3925 -4501
1 3987 -4597
1 4059 -4705
1 4166 -4859
1 4257 -4987
1 4373 -5146
1 4468 -5274
1 4537 -5365
1 4697 -5568
1 4749 -5633
1 4848 -5753
1 4951 -5876
1 5062 -6006
1 5153 -6111
1 5335 -6318
1 5528 -6533
1 5646 -6660
1 5742 -6761
1 5837 -6859
1 6185 -7206
1 6309 -7326
1 6464 -7474
1 6582 -7585
1 6670 -7667
1 6843 -7823
1 6959 -7926
1 7062 -8016
1 7227 -8157
1 7304 -8221
1 7425 -8319
1 7540 -8410
1 7657 -8500
1 7857 -8648
1 8040 -8781
1 8162 -8869
1 8243 -8926
1 8363 -9008
1 8503 -9101
1 8627 -9179
1 8760 -9261
1 8826 -9300
1 8932 -9360
1 9023 -9410
1 9120 -9460
1 9230 -9513
1 9313 -9548
1 9335 -9555
1 9423 -9576
1 9451 -9580
1 3589 -3847
1 3602 -3890
1 3616 -3931
1 3676 -4070
1 3751 -4214
1 3791 -4283
1 4014 -4638
1 4083 -4740
1 4140 -4822
1 4242 -4966
1 4270 -5005
1 4318 -5071
1 4477 -5286
1 4588 -5430
1 4640 -5496
1 4720 -5597
1 4805 -5701
1 4877 -5788
1 4990 -5922
1 5013 -5949
1 5246 -6217
1 5566 -6574
1 6146 -7168
1 6422 -7434
1 6724 -7716
1 6824 -7806
1 7363 -8269
1 7636 -8484
1 7883 -8667
1 8011 -8760
1 8076 -8807
1 8193 -8891
1 8317 -8977
1 8418 -9045
1 8477 -9084
1 8579 -9149
1 8664 -9202
1 8742 -9250
1 8814 -9293
1 8891 -9337
1 8970 -9381
1 9189 -9494
1 9241 -9518
1 9281 -9535
1 9392 -9569
1 9428 -9577
1 5283 -6259
1 7619 -8471
1 9204 -9501
1 9257 -9525
