1 4165 -4218
1 11079 -11021
1 6830 -7942
1 5084 -5958
1 9279 -10032
1 4449 -4966
1 5768 -6819
1 7951 -8974
1 10288 -10689
1 4240 -4519
1 4708 -5403
1 5427 -6417
1 6311 -7412
1 7355 -8444
1 8713 -9603
1 9852 -10432
1 10735 -10909
1 4187 -4357
1 4336 -4739
1 4577 -5190
1 4928 -5735
1 5266 -6207
1 5549 -6566
1 6044 -7126
1 6497 -7606
1 7111 -8215
1 7610 -8675
1 8299 -9265
1 9020 -9840
1 9602 -10263
1 10066 -10563
1 10539 -10820
1 10994 -11002
1 4175 -4299
1 4206 -4423
1 4271 -4596
1 4378 -4827
1 4479 -5020
1 4658 -5323
1 4787 -5524
1 5034 -5888
1 5174 -6083
1 5305 -6259
1 5501 -6509
1 5653 -6687
1 5911 -6979
1 6122 -7211
1 6389 -7494
1 6663 -7775
1 6973 -8082
1 7261 -8356
1 7499 -8575
1 7830 -8869
1 8154 -9145
1 8552 -9473
1 8860 -9718
1 9190 -9967
1 9495 -10188
1 9780 -10385
1 9942 -10488
1 10187 -10633
1 10427 -10763
1 10623 -10859
1 10834 -10947
1 11046 -11017
1 4168 -4252
1 4183 -4340
1 4194 -4384
1 4234 -4503
1 4262 -4574
1 4307 -4676
1 4356 -4781
1 4418 -4906
1 4495 -5048
1 4611 -5246
1 4687 -5370
1 4726 -5431
1 4905 -5701
1 4997 -5835
1 5117 -6004
1 5231 -6160
1 5382 -6359
1 5451 -6447
1 5516 -6527
1 5602 -6628
1 5718 -6762
1 5867 -6930
1 5975 -7050
1 6088 -7174
1 6197 -7291
1 6348 -7451
1 6440 -7547
1 6548 -7658
1 6890 -8001
1 7033 -8140
1 7179 -8279
1 7325 -8416
1 7391 -8477
1 7551 -8622
1 7714 -8767
1 7901 -8931
1 8073 -9077
1 8207 -9189
1 8396 -9345
1 8621 -9529
1 8757 -9638
1 8941 -9780
1 9092 -9894
1 9213 -9984
1 9512 -10200
1 9718 -10343
1 9809 -10404
1 9863 -10439
1 10001 -10524
1 10143 -10608
1 10268 -10678
1 10385 -10741
1 10481 -10791
1 10560 -10830
1 10694 -10891
1 10815 -10940
1 10943 -10985
1 11017 -11009
1 11055 -11019
1 4166 -4234
1 4170 -4266
1 4179 -4320
1 4191 -4373
1 4201 -4407
1 4217 -4455
1 4297 -4654
1 4318 -4700
1 4393 -4857
1 4439 -4947
1 4525 -5100
1 4583 -5200
1 4636 -5287
1 4762 -5486
1 4961 -5783
1 5148 -6047
1 5191 -6106
1 5335 -6298
1 5413 -6399
1 5596 -6621
1 5621 -6650
1 5746 -6794
1 5817 -6874
1 5938 -7009
1 5994 -7071
1 6166 -7258
1 6261 -7359
1 6413 -7519
1 6468 -7576
1 6604 -7715
1 6937 -8047
1 7087 -8192
1 7212 -8310
1 7435 -8517
1 7571 -8640
1 7663 -8722
1 7781 -8826
1 7846 -8883
1 7937 -8962
1 8003 -9018
1 8117 -9114
1 8178 -9165
1 8362 -9317
1 8530 -9455
1 8595 -9508
1 8683 -9579
1 8816 -9684
1 8907 -9754
1 8991 -9818
1 9143 -9932
1 9337 -10074
1 9470 -10170
1 9654 -10299
1 9746 -10362
1 9929 -10480
1 9960 -10499
1 10083 -10573
1 10312 -10702
1 10452 -10776
1 10599 -10848
1 10674 -10882
1 10763 -10920
1 10911 -10974
1 11007 -11006
1 11065 -11020
1 4288 -4634
1 4743 -5457
1 5776 -6828
1 7619 -8683
1 8798 -9670
1 9391 -10113
1 10340 -10717
1 10851 -10953
