1 1100 -2341
1 2821 -4074
1 1467 -3462
1 1185 -2942
1 2095 -3898
1 1113 -2620
1 1301 -3210
1 1702 -3662
1 2566 -4039
1 1103 -2496
1 1128 -2715
1 1259 -3124
1 1383 -3347
1 1605 -3589
1 1881 -3780
1 2278 -3963
1 2728 -4069
1 1101 -2412
1 1109 -2580
1 1122 -2681
1 1158 -2844
1 1198 -2977
1 1282 -3174
1 1349 -3295
1 1447 -3437
1 1508 -3503
1 1643 -3620
1 1794 -3725
1 2008 -3853
1 2179 -3932
1 2356 -3986
1 2632 -4053
1 2760 -4072
1 1102 -2455
1 1139 -2763
1 1176 -2913
1 1227 -3048
1 1294 -3197
1 1334 -3269
1 1410 -3386
1 1544 -3535
1 1625 -3606
1 1692 -3655
1 1779 -3715
1 1850 -3761
1 1928 -3808
1 2054 -3878
1 2169 -3928
1 2207 -3941
1 2517 -4027
1 2788 -4073
1 1150 -2810
1 2060 -3881
1 2442 -4008
