1 3336 -5987
1 7584 -9996
1 4684 -8776
1 3657 -7353
1 6180 -9721
1 3431 -6655
1 4117 -8127
1 5294 -9276
1 6836 -9929
1 3356 -6270
1 3538 -7054
1 3921 -7831
1 4343 -8410
1 5023 -9064
1 5585 -9440
1 6543 -9854
1 7241 -9985
1 3344 -6137
1 3391 -6475
1 3492 -6894
1 3618 -7263
1 3764 -7561
1 4015 -7980
1 4209 -8247
1 4549 -8636
1 4758 -8843
1 5179 -9190
1 5401 -9339
1 5841 -9565
1 6355 -9791
1 6730 -9905
1 7020 -9962
1 7387 -9991
1 3337 -6025
1 3351 -6223
1 3380 -6415
1 3408 -6556
1 3451 -6737
1 3522 -7000
1 3554 -7100
1 3644 -7326
1 3726 -7491
1 3806 -7636
1 3978 -7923
1 4052 -8035
1 4180 -8210
1 4267 -8319
1 4451 -8530
1 4636 -8728
1 4724 -8813
1 4855 -8925
1 5089 -9118
1 5232 -9231
1 5375 -9324
1 5492 -9390
1 5689 -9492
1 6023 -9650
1 6265 -9756
1 6383 -9801
1 6651 -9884
1 6813 -9924
1 6927 -9946
1 7102 -9972
1 7261 -9986
1 7492 -9994
1 3341 -6090
1 3345 -6151
1 3353 -6242
1 3359 -6291
1 3385 -6443
1 3394 -6490
1 3411 -6569
1 3444 -6709
1 3467 -6799
1 3500 -6923
1 3548 -7084
1 3588 -7187
1 3790 -7608
1 3880 -7762
1 3941 -7864
1 4094 -8095
1 4151 -8172
1 4187 -8219
1 4319 -8382
1 4400 -8474
1 4509 -8593
1 4592 -8682
1 4811 -8888
1 4949 -9003
1 5160 -9175
1 5197 -9204
1 5258 -9250
1 5309 -9285
1 5433 -9357
1 5560 -9427
1 5751 -9522
1 5928 -9606
1 6150 -9708
1 6223 -9739
1 6311 -9774
1 6491 -9837
1 6607 -9872
1 6688 -9894
1 6862 -9934
1 7007 -9960
1 7067 -9968
1 7166 -9978
1 7336 -9989
1 7419 -9992
1 7532 -9995
1 3340 -6074
1 3372 -6368
1 3398 -6509
1 3437 -6680
1 3484 -6864
1 3561 -7118
1 3820 -7660
1 3946 -7872
1 4350 -8418
1 4473 -8554
1 4610 -8701
1 4885 -8950
1 5287 -9271
1 5724 -9509
1 5801 -9546
1 5911 -9598
1 5997 -9638
1 6095 -9683
1 6159 -9712
1 6582 -9865
1 7455 -9993
1 3405 -6542
