1 2127 -3853
1 4857 -6806
1 2914 -5789
1 2365 -4943
1 3769 -6549
1 2217 -4465
1 2657 -5452
1 3446 -6311
1 4313 -6746
1 2148 -4104
1 2295 -4751
1 2476 -5156
1 2804 -5663
1 3144 -6026
1 3574 -6417
1 4025 -6660
1 4565 -6789
1 2136 -4000
1 2174 -4255
1 2237 -4549
1 2324 -4838
1 2411 -5040
1 2582 -5333
1 2728 -5556
1 2839 -5707
1 3078 -5961
1 3336 -6210
1 3498 -6356
1 3656 -6475
1 3941 -6628
1 4160 -6704
1 4488 -6780
1 4706 -6801
1 2130 -3914
1 2144 -4071
1 2160 -4175
1 2194 -4356
1 2230 -4521
1 2272 -4673
1 2306 -4785
1 2341 -4882
1 2387 -4993
1 2431 -5077
1 2554 -5287
1 2628 -5407
1 2679 -5485
1 2761 -5603
1 2834 -5701
1 2867 -5738
1 2975 -5854
1 3089 -5972
1 3254 -6132
1 3363 -6235
1 3492 -6351
1 3549 -6398
1 3625 -6454
1 3737 -6529
1 3857 -6590
1 3964 -6637
1 4061 -6673
1 4225 -6723
1 4422 -6768
1 4530 -6785
1 4605 -6793
1 4790 -6805
1 2151 -4122
1 2190 -4336
1 2206 -4413
1 2253 -4606
1 2291 -4738
1 2309 -4794
1 2329 -4851
1 2377 -4971
1 2426 -5068
1 2489 -5178
1 2766 -5610
1 2944 -5821
1 3024 -5905
1 3202 -6082
1 3277 -6154
1 3435 -6301
1 3558 -6405
1 3816 -6571
1 3881 -6601
1 3951 -6632
1 4104 -6687
1 4201 -6716
1 4263 -6733
1 4341 -6752
1 4471 -6777
1 4630 -6795
1 2520 -5230
1 3786 -6557
1 4120 -6692
1 4309 -6745
