1 1577 -2857
1 3573 -4764
1 2292 -4290
1 1795 -3682
1 2790 -4612
1 1645 -3292
1 2041 -4026
1 2545 -4502
1 3133 -4720
1 1591 -3055
1 1712 -3491
1 1893 -3840
1 2155 -4154
1 2443 -4426
1 2654 -4561
1 2962 -4672
1 3306 -4748
1 1584 -2982
1 1600 -3107
1 1667 -3366
1 1759 -3604
1 1836 -3756
1 1938 -3898
1 2078 -4069
1 2206 -4207
1 2367 -4360
1 2495 -4468
1 2588 -4529
1 2707 -4581
1 2911 -4655
1 3048 -4698
1 3262 -4742
1 3472 -4761
1 1579 -2899
1 1617 -3181
1 1653 -3320
1 1683 -3411
1 1753 -3590
1 1771 -3631
1 1810 -3712
1 1859 -3790
1 1990 -3963
1 2111 -4106
1 2239 -4239
1 2314 -4311
1 2417 -4404
1 2512 -4480
1 2573 -4520
1 2632 -4551
1 2739 -4593
1 2826 -4625
1 3016 -4689
1 3071 -4704
1 3214 -4734
1 3269 -4743
1 3373 -4754
1 3525 -4763
1 1631 -3238
1 1692 -3436
1 1724 -3520
1 1820 -3729
1 1840 -3762
1 2502 -4473
1 2874 -4642
1 3179 -4728
1 3415 -4757
1 3496 -4762
1 2891 -4648
