1 2897 -3081
1 7284 -7382
1 4496 -5279
1 3364 -3974
1 6067 -6686
1 3027 -3445
1 3922 -4670
1 5429 -6152
1 6657 -7091
1 2918 -3217
1 3169 -3686
1 3592 -4275
1 4211 -4987
1 4967 -5730
1 5768 -6448
1 6413 -6939
1 7075 -7310
1 2903 -3146
1 2952 -3298
1 3074 -3530
1 3262 -3828
1 3439 -4076
1 3729 -4441
1 4007 -4767
1 4376 -5159
1 4770 -5544
1 5202 -5947
1 5623 -6324
1 5931 -6581
1 6140 -6741
1 6487 -6988
1 6854 -7201
1 7202 -7364
1 2898 -3103
1 2911 -3188
1 2931 -3248
1 2997 -3387
1 3053 -3493
1 3141 -3642
1 3235 -3787
1 3297 -3879
1 3419 -4049
1 3525 -4189
1 3635 -4328
1 3822 -4552
1 3998 -4757
1 4141 -4912
1 4281 -5061
1 4640 -5419
1 4885 -5653
1 5079 -5834
1 5289 -6026
1 5541 -6252
1 5718 -6406
1 5821 -6492
1 5960 -6604
1 6128 -6732
1 6287 -6848
1 6476 -6981
1 6590 -7051
1 6800 -7172
1 6958 -7254
1 7157 -7346
1 7246 -7377
1 2901 -3132
1 2905 -3158
1 2914 -3202
1 2969 -3332
1 3014 -3420
1 3108 -3587
1 3184 -3709
1 3258 -3822
1 3286 -3863
1 3342 -3943
1 3394 -4015
1 3493 -4147
1 3573 -4251
1 3679 -4381
1 3765 -4484
1 3866 -4604
1 3956 -4709
1 4054 -4818
1 4167 -4940
1 4244 -5022
1 4339 -5121
1 4538 -5320
1 4669 -5447
1 4792 -5565
1 4902 -5669
1 5011 -5771
1 5105 -5858
1 5225 -5968
1 5496 -6212
1 5575 -6282
1 5689 -6381
1 5810 -6483
1 5900 -6556
1 6029 -6657
1 6199 -6784
1 6363 -6903
1 6544 -7023
1 6633 -7077
1 6736 -7136
1 6826 -7186
1 6936 -7243
1 7001 -7275
1 7134 -7336
1 7189 -7359
1 7221 -7370
1 7266 -7381
1 3304 -3889
1 3566 -4242
1 3588 -4270
1 4116 -4885
1 4196 -4971
1 4309 -5090
1 4574 -5355
1 4695 -5472
1 4811 -5583
1 5025 -5784
1 5166 -5914
1 5837 -6505
1 5926 -6577
1 5999 -6634
1 6327 -6877
1 6562 -7034
1 6628 -7074
1 6685 -7107
1 6893 -7221
1 7043 -7295
1 7109 -7325
