1 1860 -1973
1 4722 -4724
1 3132 -3594
1 2214 -2592
1 3996 -4307
1 1974 -2237
1 2642 -3096
1 3505 -3930
1 4420 -4589
1 1908 -2109
1 2112 -2455
1 2383 -2802
1 2888 -3353
1 3323 -3773
1 3784 -4150
1 4276 -4501
1 4652 -4707
1 1878 -2032
1 1924 -2144
1 2051 -2363
1 2155 -2514
1 2302 -2703
1 2543 -2986
1 2755 -3216
1 3013 -3478
1 3201 -3660
1 3360 -3806
1 3684 -4073
1 3878 -4221
1 4200 -4450
1 4319 -4528
1 4528 -4648
1 4675 -4716
1 1868 -2003
1 1893 -2071
1 1919 -2134
1 1959 -2210
1 2029 -2328
1 2085 -2415
1 2128 -2477
1 2182 -2550
1 2267 -2659
1 2357 -2771
1 2433 -2860
1 2573 -3020
1 2689 -3147
1 2845 -3309
1 3075 -3539
1 3180 -3640
1 3264 -3719
1 3351 -3798
1 3431 -3867
1 3607 -4012
1 3693 -4080
1 3843 -4195
1 3954 -4277
1 4088 -4372
1 4267 -4495
1 4298 -4515
1 4385 -4568
1 4470 -4617
1 4583 -4675
1 4698 -4721
1 1861 -1977
1 1870 -2009
1 1886 -2053
1 1943 -2180
1 1965 -2221
1 2015 -2305
1 2229 -2611
1 2298 -2698
1 2340 -2750
1 2501 -2938
1 2610 -3061
1 2653 -3108
1 2814 -3277
1 3276 -3730
1 3410 -3849
1 3472 -3902
1 3536 -3955
1 3636 -4035
1 3818 -4176
1 3851 -4201
1 3920 -4252
1 4027 -4329
1 4131 -4402
1 4494 -4630
1 4560 -4664
1 4621 -4693
1 4710 -4723
1 1934 -2163
1 2453 -2883
1 3597 -4004
1 4481 -4623
