1 1167 -2219
1 2908 -3863
1 1668 -3325
1 1321 -2864
1 2317 -3757
1 1229 -2602
1 1416 -3044
1 1977 -3571
1 2627 -3837
1 1181 -2350
1 1256 -2692
1 1384 -2991
1 1592 -3250
1 1825 -3463
1 2145 -3674
1 2440 -3796
1 2756 -3854
1 1173 -2293
1 1206 -2488
1 1244 -2653
1 1303 -2822
1 1350 -2923
1 1403 -3026
1 1455 -3093
1 1605 -3264
1 1773 -3419
1 1853 -3485
1 2053 -3621
1 2201 -3702
1 2404 -3785
1 2577 -3828
1 2684 -3846
1 2865 -3862
1 1168 -2236
1 1176 -2317
1 1190 -2400
1 1216 -2540
1 1255 -2689
1 1276 -2748
1 1317 -2855
1 1519 -3167
1 1648 -3306
1 1738 -3388
1 1844 -3478
1 1910 -3525
1 2077 -3635
1 2245 -3723
1 2351 -3768
1 2506 -3812
1 2736 -3852
1 2823 -3859
1 1473 -3114
1 1555 -3208
1 1962 -3561
1 2264 -3732
1 2528 -3817
