1 4176 -4356
1 10347 -10574
1 6249 -7486
1 4773 -5653
1 8722 -9683
1 4314 -4847
1 5498 -6642
1 7503 -8681
1 9726 -10331
1 4201 -4533
1 4524 -5257
1 5109 -6140
1 5868 -7079
1 6797 -8030
1 8103 -9192
1 9178 -10004
1 10008 -10472
1 4181 -4427
1 4250 -4688
1 4432 -5089
1 4607 -5394
1 4917 -5868
1 5279 -6365
1 5696 -6883
1 6030 -7256
1 6621 -7858
1 7173 -8382
1 7731 -8880
1 8494 -9508
1 8936 -9842
1 9444 -10169
1 10233 -10554
1 4178 -4393
1 4190 -4482
1 4227 -4622
1 4278 -4762
1 4373 -4971
1 4486 -5189
1 4559 -5317
1 4702 -5544
1 4859 -5782
1 4990 -5972
1 5193 -6253
1 5393 -6511
1 5586 -6750
1 5776 -6975
1 5935 -7153
1 6156 -7390
1 6736 -7971
1 7019 -8239
1 7316 -8513
1 7603 -8769
1 7950 -9065
1 8349 -9392
1 8580 -9575
1 8868 -9792
1 9022 -9901
1 9296 -10079
1 9591 -10255
1 9822 -10383
1 9967 -10455
1 10146 -10524
1 10294 -10568
1 4177 -4376
1 4179 -4407
1 4186 -4460
1 4195 -4508
1 4215 -4582
1 4232 -4637
1 4262 -4721
1 4296 -4806
1 4336 -4894
1 4442 -5108
1 4506 -5225
1 4536 -5278
1 4567 -5330
1 4672 -5497
1 4737 -5598
1 4892 -5831
1 4938 -5898
1 5060 -6071
1 5123 -6159
1 5259 -6339
1 5331 -6432
1 5441 -6571
1 5550 -6706
1 5666 -6847
1 5735 -6928
1 5836 -7043
1 5896 -7110
1 6005 -7229
1 6104 -7335
1 6184 -7419
1 6687 -7923
1 6773 -8007
1 6939 -8164
1 7119 -8332
1 7237 -8441
1 7377 -8568
1 7545 -8718
1 7658 -8817
1 7855 -8985
1 8058 -9155
1 8195 -9267
1 8523 -9531
1 8668 -9642
1 8782 -9728
1 8899 -9815
1 8981 -9873
1 9082 -9941
1 9253 -10052
1 9343 -10108
1 9498 -10201
1 9647 -10287
1 9785 -10363
1 9858 -10402
1 9922 -10434
1 9976 -10459
1 10087 -10502
1 10174 -10534
1 10278 -10565
1 10327 -10572
1 4182 -4434
1 4194 -4503
1 4199 -4525
1 4239 -4657
1 4272 -4747
1 4291 -4794
1 4327 -4875
1 4357 -4938
1 4462 -5145
1 4648 -5459
1 4686 -5519
1 4724 -5578
1 5031 -6030
1 5077 -6095
1 5155 -6202
1 5216 -6283
1 5310 -6405
1 5360 -6469
1 5628 -6801
1 5813 -7017
1 5877 -7089
1 5958 -7178
1 6074 -7303
1 6120 -7352
1 6833 -8064
1 6956 -8180
1 7048 -8266
1 7160 -8370
1 7272 -8473
1 7455 -8638
1 7595 -8762
1 7695 -8849
1 7764 -8908
1 7999 -9106
1 8136 -9219
1 8307 -9358
1 8532 -9538
1 8622 -9607
1 8965 -9862
1 9161 -9993
1 9220 -10031
1 9288 -10074
1 9419 -10154
1 9553 -10233
1 9663 -10296
1 9761 -10350
1 9998 -10468
1 10050 -10488
1 10111 -10511
1 10157 -10528
1 10212 -10547
1 10265 -10562
1 10301 -10569
1 4346 -4915
1 7105 -8319
1 7993 -9101
1 9126 -9970
1 9371 -10125
