1 2000 -2127
1 4902 -5062
1 3224 -3800
1 2319 -2754
1 4046 -4556
1 2066 -2356
1 2684 -3212
1 3661 -4221
1 4629 -4946
1 2013 -2214
1 2149 -2500
1 2455 -2935
1 2980 -3544
1 3453 -4026
1 3858 -4397
1 4317 -4753
1 4828 -5043
1 2001 -2147
1 2044 -2310
1 2105 -2429
1 2228 -2622
1 2388 -2847
1 2546 -3048
1 2804 -3348
1 3071 -3642
1 3332 -3908
1 3517 -4087
1 3731 -4285
1 3973 -4495
1 4186 -4659
1 4465 -4848
1 4708 -4988
1 4858 -5053
1 2008 -2189
1 2028 -2262
1 2051 -2326
1 2084 -2391
1 2130 -2470
1 2190 -2564
1 2287 -2709
1 2341 -2784
1 2413 -2880
1 2508 -3001
1 2594 -3106
1 2742 -3278
1 2880 -3433
1 3043 -3612
1 3166 -3741
1 3425 -3999
1 3576 -4142
1 3811 -4356
1 3933 -4461
1 4016 -4531
1 4101 -4597
1 4266 -4717
1 4404 -4809
1 4511 -4876
1 4683 -4975
1 4783 -5023
1 4833 -5045
1 4878 -5058
1 2017 -2227
1 2172 -2536
1 2261 -2671
1 2309 -2740
1 2442 -2918
1 2589 -3100
1 2632 -3151
1 2780 -3321
1 2829 -3376
1 2934 -3493
1 3116 -3689
1 3381 -3956
1 3619 -4182
1 3794 -4341
1 3899 -4432
1 4082 -4583
1 4153 -4635
1 4376 -4791
1 4491 -4864
1 4575 -4914
1 4700 -4984
1 4731 -4999
1 4814 -5037
1 2666 -3191
