1 3111 -6197
1 8310 -11028
1 4661 -9468
1 3555 -7933
1 6426 -10639
1 3228 -7075
1 3993 -8683
1 5467 -10107
1 7268 -10905
1 3136 -6609
1 3368 -7495
1 3774 -8349
1 4349 -9134
1 5057 -9805
1 5928 -10393
1 6892 -10810
1 7849 -10999
1 3121 -6431
1 3170 -6830
1 3283 -7252
1 3435 -7665
1 3690 -8198
1 3911 -8566
1 4159 -8903
1 4490 -9294
1 4870 -9653
1 5269 -9967
1 5675 -10241
1 6239 -10554
1 6668 -10734
1 7065 -10858
1 7552 -10959
1 8048 -11019
1 3116 -6342
1 3129 -6549
1 3156 -6751
1 3193 -6932
1 3246 -7137
1 3336 -7407
1 3400 -7578
1 3487 -7785
1 3620 -8063
1 3739 -8289
1 3828 -8437
1 3940 -8608
1 4066 -8783
1 4234 -8997
1 4462 -9264
1 4615 -9424
1 4745 -9545
1 4979 -9743
1 5153 -9880
1 5378 -10046
1 5584 -10183
1 5817 -10328
1 6082 -10474
1 6297 -10582
1 6528 -10680
1 6801 -10780
1 6938 -10823
1 7207 -10892
1 7409 -10933
1 7664 -10976
1 7941 -11009
1 8157 -11025
1 3114 -6286
1 3118 -6378
1 3126 -6512
1 3143 -6661
1 3159 -6769
1 3181 -6880
1 3205 -6982
1 3257 -7172
1 3308 -7326
1 3356 -7463
1 3393 -7560
1 3423 -7636
1 3453 -7707
1 3516 -7849
1 3589 -8002
1 3660 -8141
1 3715 -8245
1 3796 -8385
1 3879 -8517
1 3913 -8569
1 3978 -8662
1 4024 -8726
1 4116 -8848
1 4201 -8956
1 4300 -9076
1 4396 -9189
1 4570 -9378
1 4629 -9438
1 4686 -9491
1 4800 -9593
1 4907 -9684
1 4984 -9747
1 5081 -9824
1 5219 -9930
1 5318 -10003
1 5428 -10081
1 5533 -10150
1 5620 -10206
1 5738 -10280
1 5862 -10355
1 6001 -10432
1 6207 -10538
1 6333 -10598
1 6468 -10656
1 6585 -10702
1 6751 -10763
1 6846 -10795
1 6913 -10816
1 7043 -10852
1 7130 -10874
1 7225 -10896
1 7318 -10915
1 7500 -10950
1 7637 -10972
1 7735 -10985
1 7903 -11005
1 8014 -11016
1 8099 -11022
1 8193 -11026
1 3147 -6689
1 3173 -6844
1 3219 -7039
1 3287 -7264
1 3473 -7753
1 3528 -7875
1 3565 -7954
1 3722 -8258
1 3894 -8540
1 4209 -8966
1 4249 -9015
1 4390 -9182
1 4425 -9222
1 4547 -9354
1 4829 -9618
1 4968 -9734
1 5131 -9863
1 5354 -10029
1 5405 -10065
1 5490 -10122
1 5919 -10388
1 6121 -10494
1 6410 -10632
1 6985 -10836
1 7093 -10865
1 7446 -10940
1 7522 -10954
1 7703 -10981
1 7816 -10995
1 8025 -11017
1 8249 -11027
1 5874 -10362
