1 2634 -5766
1 7007 -9886
1 4014 -8593
1 3091 -7349
1 5494 -9548
1 2742 -6420
1 3511 -8030
1 4742 -9145
1 6314 -9803
1 2676 -6136
1 2883 -6855
1 3274 -7682
1 3780 -8353
1 4321 -8845
1 5144 -9377
1 5856 -9679
1 6623 -9864
1 2651 -5956
1 2714 -6318
1 2812 -6647
1 3013 -7179
1 3187 -7534
1 3364 -7819
1 3592 -8133
1 3874 -8455
1 4206 -8755
1 4582 -9039
1 4866 -9220
1 5360 -9487
1 5698 -9627
1 6103 -9749
1 6559 -9855
1 6842 -9881
1 2643 -5882
1 2662 -6047
1 2693 -6224
1 2732 -6384
1 2783 -6555
1 2863 -6799
1 2932 -6981
1 3059 -7282
1 3133 -7431
1 3239 -7624
1 3335 -7776
1 3451 -7945
1 3537 -8064
1 3677 -8233
1 3851 -8431
1 3923 -8504
1 4055 -8629
1 4240 -8782
1 4446 -8939
1 4654 -9088
1 4823 -9194
1 5027 -9312
1 5220 -9417
1 5432 -9521
1 5545 -9570
1 5746 -9644
1 5964 -9711
1 6246 -9787
1 6459 -9835
1 6676 -9870
1 6932 -9885
1 2635 -5781
1 2646 -5911
1 2658 -6014
1 2679 -6152
1 2702 -6266
1 2740 -6413
1 2767 -6503
1 2806 -6628
1 2838 -6725
1 2916 -6941
1 2991 -7126
1 3034 -7227
1 3100 -7367
1 3166 -7494
1 3208 -7571
1 3286 -7701
1 3399 -7870
1 3491 -8002
1 3571 -8107
1 3630 -8178
1 3748 -8316
1 3828 -8406
1 3974 -8554
1 4147 -8706
1 4211 -8759
1 4295 -8825
1 4394 -8900
1 4549 -9015
1 4617 -9063
1 4691 -9112
1 4934 -9259
1 5178 -9395
1 5419 -9515
1 5625 -9600
1 5743 -9643
1 5795 -9660
1 5885 -9688
1 6000 -9721
1 6166 -9766
1 6258 -9790
1 6386 -9819
1 6747 -9875
1 6884 -9883
1 2638 -5819
1 2958 -7045
1 3736 -8302
1 4080 -8650
1 4165 -8721
1 4488 -8970
1 4642 -9080
1 4955 -9271
1 6033 -9730
1 6793 -9878
