1 2184 -2206
1 4955 -5034
1 3150 -3624
1 2497 -2852
1 4300 -4656
1 2244 -2401
1 2729 -3157
1 3694 -4144
1 4715 -4942
1 2197 -2285
1 2365 -2633
1 2623 -3027
1 2934 -3392
1 3384 -3856
1 4021 -4429
1 4546 -4834
1 4887 -5023
1 2187 -2236
1 2222 -2352
1 2306 -2525
1 2407 -2706
1 2546 -2923
1 2671 -3088
1 2825 -3269
1 3075 -3545
1 3319 -3793
1 3583 -4044
1 3890 -4316
1 4222 -4594
1 4433 -4755
1 4648 -4901
1 4804 -4988
1 4911 -5030
1 2190 -2253
1 2206 -2310
1 2230 -2371
1 2332 -2574
1 2392 -2681
1 2458 -2790
1 2527 -2896
1 2590 -2983
1 2646 -3057
1 2691 -3112
1 2764 -3198
1 2891 -3344
1 3035 -3502
1 3109 -3581
1 3507 -3973
1 3645 -4100
1 3730 -4176
1 3935 -4355
1 4103 -4497
1 4238 -4607
1 4320 -4671
1 4504 -4805
1 4574 -4853
1 4678 -4920
1 4767 -4970
1 4830 -5000
1 4931 -5032
1 2351 -2608
1 2444 -2767
1 2488 -2838
1 2541 -2916
1 2559 -2941
1 2800 -3240
1 2868 -3318
1 2944 -3403
1 3446 -3915
1 3538 -4002
1 3594 -4054
1 3779 -4219
1 4000 -4411
1 4040 -4445
1 4125 -4515
1 4363 -4703
1 4494 -4798
1 4571 -4851
1 4600 -4870
1 4688 -4926
1 4746 -4959
1 4775 -4974
1 4869 -5016
1 2978 -3440
1 3843 -4275
1 3964 -4380
1 4063 -4464
1 4179 -4559
1 4874 -5018
