1 3971 -4160
1 9378 -9488
1 6123 -7222
1 4631 -5475
1 7968 -8771
1 4163 -4734
1 5268 -6304
1 7056 -8078
1 8814 -9287
1 4039 -4454
1 4352 -5061
1 4950 -5911
1 5742 -6833
1 6622 -7695
1 7549 -8467
1 8443 -9083
1 9189 -9447
1 3993 -4297
1 4087 -4575
1 4275 -4935
1 4504 -5291
1 4839 -5763
1 5115 -6120
1 5509 -6580
1 5927 -7025
1 6326 -7418
1 6842 -7893
1 7198 -8195
1 7796 -8649
1 8232 -8950
1 8648 -9200
1 9001 -9373
1 9283 -9473
1 3975 -4202
1 4017 -4387
1 4059 -4508
1 4125 -4656
1 4211 -4823
1 4294 -4967
1 4428 -5178
1 4562 -5376
1 4712 -5588
1 4887 -5828
1 5061 -6053
1 5195 -6217
1 5429 -6490
1 5606 -6686
1 5849 -6945
1 5980 -7079
1 6267 -7362
1 6484 -7567
1 6730 -7793
1 6961 -7997
1 7152 -8158
1 7398 -8351
1 7677 -8562
1 7880 -8709
1 8137 -8887
1 8341 -9020
1 8545 -9143
1 8700 -9228
1 8911 -9333
1 9078 -9405
1 9236 -9461
1 9308 -9478
1 3972 -4173
1 3983 -4248
1 4003 -4338
1 4025 -4412
1 4050 -4485
1 4080 -4559
1 4106 -4616
1 4154 -4716
1 4190 -4785
1 4245 -4883
1 4282 -4947
1 4321 -5011
1 4368 -5086
1 4438 -5193
1 4531 -5331
1 4624 -5465
1 4671 -5531
1 4788 -5693
1 4861 -5793
1 4915 -5865
1 4996 -5970
1 5073 -6068
1 5146 -6158
1 5215 -6241
1 5323 -6368
1 5467 -6533
1 5551 -6626
1 5654 -6738
1 5773 -6866
1 5881 -6978
1 6165 -7263
1 6400 -7488
1 6585 -7661
1 6690 -7757
1 6787 -7844
1 6922 -7963
1 7018 -8046
1 7129 -8139
1 7295 -8271
1 7494 -8425
1 7565 -8479
1 7752 -8617
1 7928 -8743
1 8036 -8818
1 8179 -8915
1 8300 -8994
1 8391 -9051
1 8471 -9100
1 8599 -9173
1 8681 -9218
1 8777 -9268
1 8858 -9308
1 8980 -9364
1 9037 -9388
1 9114 -9419
1 9218 -9456
1 9274 -9471
1 9360 -9486
1 3980 -4231
1 3989 -4279
1 3998 -4318
1 4045 -4471
1 4065 -4523
1 4136 -4679
1 4183 -4772
1 4237 -4869
1 4359 -5072
1 4396 -5129
1 4473 -5245
1 4601 -5432
1 4746 -5635
1 4804 -5715
1 4934 -5890
1 5032 -6016
1 5128 -6136
1 5236 -6266
1 5280 -6318
1 5395 -6451
1 5436 -6498
1 5704 -6792
1 5823 -6918
1 6200 -7297
1 6364 -7454
1 6435 -7521
1 6514 -7595
1 6634 -7706
1 6824 -7877
1 7011 -8040
1 7031 -8057
1 7105 -8119
1 7235 -8224
1 7340 -8306
1 7442 -8385
1 7524 -8448
1 7654 -8545
1 8004 -8796
1 8087 -8853
1 8269 -8974
1 8322 -9008
1 8349 -9025
1 8514 -9125
1 8628 -9189
1 8723 -9240
1 8818 -9289
1 8962 -9356
1 9178 -9443
1 9340 -9483
1 3976 -4208
1 4411 -5152
1 5362 -6413
1 6468 -7552
1 6557 -7635
1 6679 -7747
1 7596 -8502
1 7991 -8787
1 8109 -8868
1 8942 -9347
1 9353 -9485
