1 1786 -1848
1 3921 -4023
1 2586 -3003
1 2069 -2394
1 3269 -3610
1 1877 -2083
1 2323 -2717
1 2954 -3352
1 3683 -3896
1 1806 -1920
1 1949 -2209
1 2164 -2522
1 2443 -2853
1 2750 -3164
1 3077 -3458
1 3463 -3749
1 3800 -3966
1 1796 -1888
1 1853 -2030
1 1916 -2154
1 2002 -2293
1 2127 -2474
1 2210 -2580
1 2368 -2769
1 2519 -2934
1 2650 -3067
1 2908 -3311
1 3045 -3431
1 3185 -3545
1 3368 -3683
1 3575 -3825
1 3761 -3945
1 3904 -4018
1 1788 -1859
1 1803 -1911
1 1811 -1932
1 1860 -2046
1 1893 -2113
1 1974 -2249
1 2032 -2339
1 2110 -2451
1 2269 -2652
1 2335 -2731
1 2423 -2831
1 2466 -2878
1 2552 -2968
1 2727 -3142
1 2829 -3238
1 2979 -3374
1 3140 -3509
1 3256 -3600
1 3321 -3649
1 3411 -3713
1 3505 -3778
1 3637 -3866
1 3710 -3913
1 3832 -3983
1 3911 -4021
1 1791 -1870
1 1886 -2100
1 1898 -2122
1 2034 -2342
1 2076 -2404
1 2219 -2591
1 2288 -2675
1 2690 -3106
1 2799 -3210
1 2857 -3264
1 3114 -3488
1 3599 -3841
1 3871 -4002
