1 2983 -5980
1 8465 -11096
1 4848 -9615
1 3596 -7999
1 6548 -10689
1 3100 -6866
1 4140 -8834
1 5601 -10195
1 7602 -11009
1 3016 -6472
1 3325 -7433
1 3752 -8281
1 4537 -9308
1 5110 -9842
1 6052 -10455
1 6977 -10844
1 8098 -11076
1 2996 -6292
1 3052 -6690
1 3183 -7096
1 3433 -7667
1 3714 -8217
1 3937 -8553
1 4321 -9059
1 4673 -9446
1 4966 -9722
1 5407 -10065
1 5832 -10334
1 6330 -10595
1 6816 -10790
1 7400 -10962
1 7853 -11048
1 8243 -11086
1 2986 -6112
1 3008 -6410
1 3030 -6561
1 3082 -6803
1 3132 -6959
1 3261 -7285
1 3371 -7536
1 3535 -7878
1 3640 -8081
1 3741 -8264
1 3852 -8431
1 4077 -8750
1 4236 -8956
1 4443 -9202
1 4579 -9352
1 4754 -9525
1 4912 -9674
1 5053 -9796
1 5250 -9948
1 5485 -10119
1 5722 -10270
1 5972 -10413
1 6200 -10531
1 6431 -10640
1 6739 -10762
1 6888 -10816
1 7122 -10887
1 7514 -10989
1 7652 -11019
1 7905 -11055
1 8193 -11083
1 8354 -11092
1 2984 -6026
1 2988 -6160
1 3000 -6336
1 3043 -6639
1 3067 -6747
1 3112 -6901
1 3159 -7033
1 3198 -7133
1 3276 -7320
1 3343 -7474
1 3396 -7589
1 3508 -7823
1 3556 -7920
1 3606 -8018
1 3678 -8151
1 3728 -8242
1 3888 -8483
1 4044 -8704
1 4189 -8897
1 4265 -8992
1 4360 -9105
1 4503 -9270
1 4722 -9494
1 4782 -9552
1 4861 -9627
1 4943 -9702
1 5020 -9768
1 5087 -9824
1 5193 -9905
1 5302 -9987
1 5456 -10099
1 5491 -10123
1 5652 -10227
1 5782 -10305
1 5865 -10353
1 5985 -10420
1 6141 -10501
1 6256 -10559
1 6397 -10625
1 6487 -10664
1 6602 -10710
1 6945 -10834
1 7063 -10870
1 7243 -10920
1 7446 -10973
1 7557 -10999
1 7803 -11041
1 7950 -11060
1 8152 -11080
1 8405 -11094
1 2993 -6247
1 3003 -6364
1 3170 -7062
1 3229 -7208
1 3305 -7387
1 3352 -7494
1 3469 -7742
1 3990 -8628
1 4216 -8931
1 4332 -9072
1 4407 -9160
1 5123 -9852
1 5353 -10025
1 5813 -10323
1 5938 -10394
1 6079 -10469
1 6350 -10604
1 6563 -10695
1 6686 -10742
1 7184 -10904
1 7351 -10949
1 7713 -11028
1 8033 -11069
1 3246 -7249
1 3494 -7794
1 3949 -8570
1 7140 -10892
1 7310 -10938
