1 1987 -3539
1 4762 -5940
1 3059 -5351
1 2328 -4488
1 3949 -5819
1 2082 -3957
1 2640 -4939
1 3437 -5608
1 4241 -5890
1 2026 -3765
1 2184 -4204
1 2495 -4747
1 2823 -5131
1 3207 -5470
1 3596 -5684
1 4090 -5862
1 4495 -5922
1 1999 -3644
1 2042 -3830
1 2112 -4039
1 2259 -4361
1 2409 -4617
1 2565 -4843
1 2727 -5033
1 2954 -5256
1 3143 -5421
1 3311 -5535
1 3491 -5635
1 3741 -5741
1 3978 -5829
1 4151 -5875
1 4354 -5906
1 4655 -5935
1 1991 -3592
1 2016 -3721
1 2037 -3810
1 2053 -3867
1 2141 -4109
1 2234 -4311
1 2295 -4428
1 2362 -4544
1 2444 -4671
1 2539 -4808
1 2598 -4886
1 2666 -4968
1 2773 -5080
1 2861 -5168
1 3017 -5314
1 3094 -5381
1 3234 -5487
1 3387 -5580
1 3557 -5666
1 3656 -5708
1 3910 -5805
1 4047 -5850
1 4121 -5869
1 4197 -5883
1 4290 -5897
1 4410 -5913
1 4559 -5928
1 4712 -5938
1 1990 -3582
1 2049 -3854
1 2071 -3923
1 2162 -4156
1 2211 -4262
1 2352 -4528
1 2429 -4648
1 2458 -4692
1 2531 -4797
1 2627 -4923
1 2707 -5012
1 2921 -5225
1 3043 -5337
1 3088 -5376
1 3331 -5547
1 3428 -5603
1 3510 -5644
1 3684 -5719
1 3833 -5776
1 4419 -5914
1 4613 -5932
1 3783 -5757
