1 2993 -6029
1 8113 -11070
1 4479 -9396
1 3413 -7786
1 6344 -10679
1 3098 -6960
1 3924 -8708
1 5315 -10111
1 7170 -10967
1 3036 -6583
1 3193 -7246
1 3687 -8324
1 4151 -9029
1 4887 -9775
1 5786 -10404
1 6768 -10850
1 7650 -11052
1 3002 -6231
1 3061 -6775
1 3155 -7143
1 3301 -7523
1 3506 -7987
1 3784 -8490
1 4040 -8879
1 4345 -9257
1 4677 -9586
1 5112 -9961
1 5604 -10301
1 6110 -10569
1 6545 -10765
1 6970 -10917
1 7474 -11026
1 7764 -11060
1 2995 -6111
1 3018 -6415
1 3048 -6684
1 3081 -6883
1 3127 -7057
1 3173 -7193
1 3260 -7420
1 3356 -7655
1 3462 -7894
1 3589 -8145
1 3717 -8378
1 3823 -8553
1 4012 -8839
1 4109 -8975
1 4212 -9103
1 4430 -9346
1 4547 -9462
1 4782 -9682
1 4960 -9837
1 5166 -10003
1 5423 -10184
1 5645 -10325
1 5963 -10496
1 6188 -10606
1 6436 -10720
1 6674 -10815
1 6914 -10899
1 7113 -10954
1 7248 -10983
1 7601 -11046
1 7716 -11058
1 8007 -11068
1 2994 -6081
1 2998 -6166
1 3010 -6329
1 3024 -6476
1 3044 -6652
1 3070 -6824
1 3086 -6908
1 3108 -6995
1 3156 -7146
1 3231 -7345
1 3281 -7473
1 3323 -7576
1 3392 -7738
1 3430 -7824
1 3487 -7947
1 3558 -8087
1 3643 -8244
1 3743 -8422
1 3863 -8615
1 3964 -8768
1 4091 -8950
1 4196 -9084
1 4303 -9209
1 4405 -9320
1 4473 -9390
1 4517 -9433
1 4596 -9509
1 4705 -9612
1 4851 -9744
1 4954 -9832
1 5049 -9910
1 5222 -10044
1 5366 -10146
1 5524 -10250
1 5638 -10321
1 5700 -10356
1 5840 -10433
1 6037 -10533
1 6135 -10581
1 6269 -10644
1 6399 -10704
1 6513 -10752
1 6593 -10784
1 6741 -10840
1 6821 -10868
1 7042 -10936
1 7208 -10975
1 7436 -11019
1 7543 -11037
1 7641 -11051
1 7679 -11055
1 7844 -11063
1 8058 -11069
1 3006 -6282
1 3014 -6373
1 3027 -6503
1 3123 -7044
1 3211 -7293
1 3537 -8047
1 3660 -8275
1 3770 -8467
1 3899 -8670
1 4254 -9152
1 4363 -9276
1 4639 -9550
1 4750 -9653
1 4988 -9860
1 5086 -9940
1 5294 -10096
1 5347 -10133
1 5484 -10224
1 5566 -10277
1 5668 -10338
1 5725 -10370
1 5918 -10473
1 6171 -10598
1 6408 -10708
1 6575 -10777
1 6619 -10794
1 6682 -10818
1 6985 -10921
1 7105 -10952
1 7184 -10970
1 7368 -11006
1 7505 -11031
1 7939 -11066
1 5577 -10284
1 7274 -10988
