1 1538 -2494
1 3807 -4753
1 2277 -4073
1 1704 -3186
1 2865 -4516
1 1567 -2770
1 1981 -3676
1 2532 -4303
1 3331 -4689
1 1548 -2623
1 1627 -2989
1 1807 -3388
1 2121 -3882
1 2444 -4232
1 2797 -4479
1 3118 -4618
1 3586 -4740
1 1542 -2546
1 1561 -2737
1 1603 -2915
1 1663 -3091
1 1763 -3305
1 1882 -3519
1 2057 -3792
1 2240 -4032
1 2358 -4151
1 2461 -4247
1 2588 -4342
1 2846 -4506
1 2975 -4563
1 3266 -4670
1 3492 -4724
1 3725 -4751
1 1554 -2680
1 1590 -2865
1 1605 -2922
1 1645 -3043
1 1671 -3111
1 1726 -3232
1 1780 -3338
1 1857 -3476
1 1905 -3557
1 2026 -3745
1 2080 -3825
1 2162 -3936
1 2314 -4109
1 2397 -4188
1 2500 -4278
1 2572 -4331
1 2694 -4412
1 2921 -4540
1 3031 -4585
1 3188 -4643
1 3387 -4702
1 3508 -4727
1 3665 -4747
1 1582 -2832
1 1658 -3078
1 1712 -3203
1 1828 -3425
1 1931 -3598
1 2146 -3915
1 2209 -3994
1 2431 -4220
1 2647 -4381
1 2717 -4427
1 3462 -4718
1 3597 -4741
1 1924 -3587
1 1972 -3662
