1 2034 -3957
1 5187 -7053
1 2872 -6015
1 2262 -5112
1 3954 -6765
1 2089 -4562
1 2466 -5510
1 3372 -6438
1 4620 -6980
1 2050 -4341
1 2183 -4900
1 2375 -5358
1 2709 -5833
1 3073 -6202
1 3708 -6638
1 4281 -6884
1 4917 -7038
1 2040 -4178
1 2055 -4382
1 2115 -4671
1 2220 -5005
1 2294 -5189
1 2432 -5458
1 2581 -5671
1 2800 -5941
1 2979 -6118
1 3262 -6356
1 3500 -6518
1 3903 -6742
1 4146 -6839
1 4512 -6952
1 4748 -7009
1 5019 -7046
1 2036 -4050
1 2045 -4264
1 2051 -4350
1 2075 -4491
1 2103 -4625
1 2136 -4746
1 2209 -4974
1 2237 -5049
1 2279 -5153
1 2324 -5253
1 2396 -5396
1 2515 -5581
1 2645 -5753
1 2740 -5871
1 2856 -5999
1 2926 -6068
1 3043 -6176
1 3167 -6280
1 3303 -6387
1 3430 -6475
1 3606 -6580
1 3779 -6677
1 4032 -6796
1 4193 -6855
1 4404 -6921
1 4584 -6971
1 4659 -6989
1 4795 -7018
1 4975 -7043
1 5074 -7049
1 2035 -4013
1 2038 -4118
1 2066 -4442
1 2098 -4604
1 2111 -4656
1 2163 -4836
1 2256 -5097
1 2338 -5282
1 2400 -5403
1 2492 -5548
1 2544 -5621
1 2601 -5697
1 2731 -5860
1 2757 -5891
1 2946 -6087
1 2990 -6128
1 3052 -6184
1 3111 -6234
1 3411 -6463
1 3537 -6540
1 3671 -6617
1 3768 -6671
1 3828 -6703
1 4097 -6821
1 4238 -6870
1 4333 -6900
1 4438 -6931
1 4712 -7001
1 4855 -7028
1 4989 -7044
1 5150 -7052
1 2147 -4783
1 2374 -5356
1 3849 -6714
1 4904 -7036
