1 2616 -4911
1 6242 -8143
1 3691 -7117
1 2936 -6127
1 4931 -7877
1 2672 -5399
1 3258 -6648
1 4318 -7590
1 5534 -8066
1 2627 -5190
1 2765 -5710
1 3074 -6381
1 3373 -6795
1 3981 -7357
1 4643 -7750
1 5239 -7986
1 5891 -8126
1 2621 -5117
1 2649 -5307
1 2715 -5552
1 2859 -5949
1 3018 -6283
1 3162 -6513
1 3308 -6713
1 3593 -7025
1 3847 -7252
1 4218 -7525
1 4389 -7628
1 4749 -7799
1 5080 -7935
1 5438 -8044
1 5738 -8102
1 6084 -8138
1 2618 -5031
1 2625 -5170
1 2635 -5234
1 2652 -5320
1 2676 -5414
1 2738 -5625
1 2804 -5813
1 2885 -6012
1 2980 -6211
1 3045 -6331
1 3122 -6454
1 3207 -6578
1 3287 -6686
1 3355 -6773
1 3534 -6965
1 3656 -7085
1 3760 -7178
1 3931 -7319
1 4043 -7403
1 4256 -7551
1 4333 -7599
1 4527 -7695
1 4684 -7769
1 4825 -7832
1 5032 -7917
1 5166 -7963
1 5356 -8021
1 5468 -8051
1 5582 -8075
1 5861 -8122
1 5955 -8131
1 6184 -8142
1 2617 -4973
1 2620 -5091
1 2645 -5287
1 2666 -5376
1 2698 -5492
1 2780 -5751
1 2828 -5873
1 2926 -6106
1 3010 -6268
1 3033 -6310
1 3102 -6424
1 3151 -6497
1 3433 -6859
1 3636 -7066
1 3669 -7097
1 3814 -7224
1 3864 -7266
1 3952 -7335
1 4024 -7389
1 4097 -7441
1 4250 -7547
1 4287 -7571
1 4363 -7615
1 4459 -7662
1 4575 -7718
1 4874 -7853
1 4976 -7895
1 5129 -7951
1 5309 -8007
1 5645 -8086
1 5762 -8106
1 6025 -8135
1 6131 -8140
1 2912 -6074
1 3024 -6294
1 3493 -6922
1 3594 -7026
1 3985 -7360
1 4143 -7473
1 5083 -7936
1 5674 -8091
1 5830 -8117
1 5989 -8133
