1 2940 -3029
1 7079 -7029
1 4739 -5423
1 3411 -3916
1 6069 -6527
1 3065 -3365
1 3983 -4626
1 5394 -6016
1 6721 -6915
1 2972 -3168
1 3263 -3711
1 3712 -4305
1 4300 -4976
1 5103 -5762
1 5806 -6341
1 6355 -6713
1 6895 -6987
1 2944 -3072
1 3006 -3249
1 3170 -3555
1 3339 -3820
1 3601 -4165
1 3850 -4473
1 4109 -4767
1 4531 -5217
1 4958 -5630
1 5270 -5910
1 5573 -6161
1 5918 -6422
1 6227 -6632
1 6510 -6803
1 6789 -6946
1 7013 -7020
1 2942 -3060
1 2953 -3109
1 2983 -3197
1 3028 -3294
1 3112 -3452
1 3214 -3631
1 3283 -3742
1 3534 -4078
1 3656 -4235
1 3781 -4390
1 3924 -4559
1 4053 -4705
1 4254 -4926
1 4458 -5142
1 4671 -5357
1 4825 -5505
1 4995 -5664
1 5170 -5822
1 5320 -5953
1 5506 -6108
1 5693 -6255
1 5877 -6393
1 6024 -6496
1 6131 -6569
1 6275 -6663
1 6431 -6758
1 6642 -6874
1 6742 -6925
1 6834 -6964
1 6957 -7006
1 7030 -7023
1 2941 -3048
1 2967 -3154
1 2991 -3216
1 3022 -3282
1 3043 -3323
1 3096 -3423
1 3141 -3504
1 3239 -3672
1 3275 -3730
1 3316 -3788
1 3480 -4007
1 3567 -4121
1 3641 -4216
1 3737 -4336
1 3795 -4407
1 3867 -4493
1 4021 -4669
1 4062 -4715
1 4201 -4868
1 4287 -4962
1 4414 -5096
1 4482 -5167
1 4707 -5392
1 4787 -5469
1 4860 -5538
1 4971 -5642
1 5060 -5723
1 5143 -5798
1 5196 -5845
1 5285 -5923
1 5375 -6000
1 5445 -6058
1 5535 -6131
1 5634 -6209
1 5752 -6300
1 5810 -6344
1 5978 -6464
1 6053 -6516
1 6128 -6567
1 6175 -6598
1 6324 -6694
1 6382 -6729
1 6464 -6777
1 6586 -6844
1 6699 -6904
1 6876 -6980
1 6930 -6998
1 6968 -7009
1 7061 -7027
1 2961 -3135
1 3055 -3346
1 3132 -3488
1 3158 -3534
1 3258 -3703
1 3436 -3949
1 3518 -4057
1 3547 -4095
1 3763 -4368
1 3898 -4529
1 4160 -4823
1 4356 -5035
1 5254 -5896
1 5511 -6112
1 5851 -6374
1 6560 -6830
1 6847 -6969
1 6914 -6993
1 6950 -7004
1 6980 -7012
1 4375 -5055
