1 1074 -1844
1 2468 -3109
1 1665 -2764
1 1192 -2226
1 2051 -3019
1 1105 -2031
1 1316 -2400
1 1817 -2887
1 2284 -3085
1 1080 -1921
1 1145 -2146
1 1250 -2314
1 1447 -2545
1 1751 -2838
1 1946 -2968
1 2168 -3056
1 2373 -3101
1 1075 -1865
1 1096 -2000
1 1128 -2102
1 1150 -2155
1 1236 -2293
1 1273 -2346
1 1369 -2460
1 1523 -2624
1 1732 -2822
1 1887 -2932
1 2021 -3006
1 2067 -3025
1 2230 -3072
1 2397 -3104
1 1087 -1957
1 1116 -2066
1 1136 -2123
1 1280 -2355
1 1419 -2515
1 1495 -2595
1 1589 -2690
1 1674 -2772
1 1974 -2983
1 2058 -3022
1 2102 -3036
1 1639 -2739
