1 1759 -1795
1 4073 -4029
1 2580 -2948
1 2034 -2338
1 3515 -3747
1 1835 -2029
1 2271 -2630
1 3130 -3441
1 3822 -3937
1 1775 -1891
1 1894 -2135
1 2146 -2486
1 2406 -2774
1 2849 -3197
1 3381 -3647
1 3639 -3829
1 3995 -4016
1 1771 -1873
1 1811 -1978
1 1872 -2099
1 1943 -2208
1 2112 -2444
1 2225 -2578
1 2345 -2710
1 2484 -2854
1 2653 -3018
1 2988 -3319
1 3209 -3507
1 3441 -3693
1 3587 -3795
1 3754 -3899
1 3930 -3990
1 4030 -4027
1 1761 -1812
1 1772 -1878
1 1780 -1904
1 1823 -2004
1 1854 -2066
1 1878 -2109
1 1930 -2189
1 2005 -2297
1 2069 -2386
1 2168 -2512
1 2301 -2663
1 2384 -2751
1 2541 -2910
1 2630 -2996
1 2753 -3110
1 2911 -3252
1 3032 -3357
1 3150 -3458
1 3325 -3602
1 3425 -3681
1 3616 -3814
1 3673 -3850
1 3799 -3925
1 3894 -3973
1 3964 -4004
1 4009 -4021
1 4042 -4028
1 1766 -1843
1 1798 -1947
1 1984 -2267
1 2042 -2349
1 2199 -2548
1 2290 -2651
1 2705 -3066
1 2797 -3150
1 2867 -3213
1 2965 -3299
1 3270 -3557
1 3390 -3654
1 3711 -3873
1 3783 -3916
1 3913 -3982
1 2829 -3179
