1 2219 -2296
1 4880 -5012
1 3288 -3864
1 2566 -3013
1 4192 -4648
1 2326 -2592
1 2875 -3406
1 3777 -4321
1 4613 -4921
1 2258 -2441
1 2442 -2812
1 2739 -3241
1 3068 -3627
1 3587 -4149
1 3949 -4461
1 4363 -4767
1 4794 -5001
1 2226 -2342
1 2277 -2490
1 2384 -2706
1 2507 -2923
1 2614 -3078
1 2796 -3312
1 2959 -3504
1 3194 -3764
1 3376 -3950
1 3696 -4249
1 3824 -4361
1 4100 -4579
1 4242 -4684
1 4540 -4880
1 4678 -4953
1 4820 -5007
1 2220 -2313
1 2231 -2360
1 2265 -2460
1 2298 -2534
1 2357 -2654
1 2419 -2771
1 2473 -2865
1 2525 -2951
1 2586 -3041
1 2695 -3184
1 2783 -3296
1 2820 -3341
1 2920 -3459
1 3035 -3590
1 3145 -3711
1 3267 -3842
1 3323 -3899
1 3470 -4039
1 3636 -4194
1 3736 -4285
1 3813 -4352
1 3886 -4411
1 4051 -4541
1 4157 -4622
1 4235 -4679
1 4310 -4731
1 4453 -4825
1 4569 -4897
1 4652 -4941
1 4733 -4977
1 4804 -5004
1 4862 -5011
1 2243 -2397
1 2373 -2685
1 2399 -2734
1 2449 -2824
1 2512 -2931
1 2554 -2995
1 2649 -3124
1 2836 -3360
1 2903 -3439
1 3004 -3555
1 3100 -3662
1 3223 -3795
1 3350 -3925
1 3415 -3987
1 3539 -4104
1 3727 -4277
1 3920 -4438
1 4014 -4512
1 4278 -4709
1 4414 -4800
1 4497 -4853
1 4555 -4889
1 4632 -4931
1 4755 -4986
1 4839 -5009
1 2248 -2412
1 3111 -3674
1 4265 -4700
1 4773 -4993
