1 2372 -2424
1 5927 -5825
1 3533 -4074
1 2777 -3242
1 5006 -5321
1 2525 -2841
1 3044 -3571
1 4265 -4740
1 5582 -5693
1 2413 -2584
1 2660 -3067
1 2938 -3449
1 3363 -3909
1 3849 -4370
1 4544 -4969
1 5303 -5528
1 5758 -5782
1 2382 -2488
1 2469 -2722
1 2568 -2920
1 2729 -3172
1 2827 -3310
1 2964 -3480
1 3176 -3713
1 3408 -3954
1 3725 -4255
1 4056 -4557
1 4397 -4851
1 4816 -5180
1 5160 -5430
1 5425 -5603
1 5700 -5756
1 5864 -5817
1 2374 -2446
1 2400 -2547
1 2445 -2666
1 2488 -2763
1 2542 -2875
1 2623 -3008
1 2701 -3130
1 2770 -3232
1 2809 -3286
1 2853 -3343
1 2952 -3466
1 3020 -3544
1 3118 -3651
1 3293 -3836
1 3436 -3981
1 3595 -4133
1 3772 -4299
1 4008 -4514
1 4190 -4675
1 4342 -4805
1 4440 -4886
1 4654 -5055
1 4869 -5220
1 5054 -5356
1 5219 -5471
1 5372 -5571
1 5528 -5663
1 5641 -5725
1 5741 -5775
1 5822 -5805
1 5885 -5821
1 2375 -2452
1 2394 -2528
1 2403 -2556
1 2429 -2626
1 2459 -2699
1 2513 -2816
1 2546 -2882
1 2684 -3104
1 2790 -3260
1 2905 -3408
1 3093 -3624
1 3232 -3772
1 3314 -3858
1 3461 -4005
1 3677 -4210
1 3813 -4337
1 3914 -4429
1 4018 -4523
1 4082 -4580
1 4206 -4689
1 4291 -4762
1 4419 -4869
1 4530 -4958
1 4613 -5023
1 4769 -5144
1 4837 -5196
1 4919 -5257
1 5043 -5348
1 5127 -5407
1 5206 -5462
1 5260 -5499
1 5410 -5594
1 5469 -5629
1 5617 -5712
1 5675 -5743
1 5710 -5761
1 5790 -5794
1 5841 -5811
1 2380 -2478
1 3193 -3731
1 3612 -4149
1 3882 -4400
1 3956 -4467
1 4149 -4639
1 4258 -4734
1 4725 -5110
1 4782 -5154
1 4972 -5296
1 5238 -5484
1 5495 -5644
1 5804 -5799
