1 2452 -2505
1 5676 -5635
1 3724 -4243
1 2849 -3257
1 4750 -5132
1 2562 -2808
1 3155 -3647
1 4354 -4818
1 5366 -5528
1 2479 -2616
1 2699 -3041
1 2973 -3422
1 3409 -3924
1 3992 -4495
1 4558 -4987
1 5140 -5396
1 5537 -5607
1 2456 -2541
1 2520 -2718
1 2622 -2916
1 2767 -3142
1 2930 -3367
1 3069 -3543
1 3286 -3792
1 3579 -4100
1 3878 -4390
1 4169 -4655
1 4432 -4884
1 4638 -5049
1 4955 -5274
1 5259 -5468
1 5480 -5584
1 5604 -5624
1 2454 -2525
1 2470 -2590
1 2492 -2650
1 2546 -2776
1 2593 -2865
1 2669 -2993
1 2716 -3067
1 2808 -3200
1 2882 -3302
1 3018 -3479
1 3099 -3580
1 3214 -3713
1 3359 -3871
1 3504 -4023
1 3623 -4144
1 3796 -4312
1 3945 -4452
1 4089 -4583
1 4240 -4718
1 4414 -4869
1 4494 -4935
1 4586 -5009
1 4706 -5100
1 4883 -5225
1 5031 -5325
1 5215 -5442
1 5299 -5491
1 5436 -5563
1 5505 -5595
1 5564 -5615
1 5651 -5633
1 2462 -2563
1 2512 -2699
1 2528 -2736
1 2569 -2821
1 2610 -2895
1 2639 -2944
1 2743 -3107
1 2781 -3162
1 2823 -3221
1 2995 -3450
1 3148 -3639
1 3187 -3683
1 3244 -3746
1 3333 -3843
1 3389 -3903
1 3454 -3971
1 3537 -4057
1 3682 -4202
1 3751 -4269
1 3860 -4373
1 3892 -4403
1 3969 -4474
1 4047 -4545
1 4140 -4629
1 4206 -4688
1 4290 -4762
1 4368 -4830
1 4461 -4908
1 4537 -4970
1 4732 -5119
1 4801 -5168
1 4924 -5253
1 4989 -5297
1 5069 -5350
1 5159 -5408
1 5220 -5445
1 5335 -5511
1 5489 -5588
1 5523 -5602
1 5557 -5613
1 5585 -5620
1 5634 -5630
1 5660 -5634
1 2841 -3246
1 3123 -3609
1 4130 -4620
1 4847 -5200
1 5089 -5363
1 5182 -5422
1 5355 -5522
