1 1814 -1879
1 4668 -4611
1 3015 -3438
1 2214 -2572
1 3866 -4161
1 1963 -2215
1 2633 -3061
1 3494 -3869
1 4331 -4464
1 1879 -2061
1 2093 -2410
1 2404 -2805
1 2830 -3259
1 3277 -3679
1 3669 -4012
1 4131 -4342
1 4526 -4569
1 1849 -1988
1 1916 -2132
1 2017 -2299
1 2139 -2473
1 2317 -2702
1 2499 -2914
1 2651 -3080
1 2932 -3358
1 3151 -3565
1 3391 -3780
1 3593 -3952
1 3773 -4093
1 4009 -4261
1 4201 -4386
1 4408 -4507
1 4607 -4602
1 1828 -1928
1 1869 -2037
1 1892 -2087
1 1928 -2154
1 1989 -2256
1 2050 -2348
1 2110 -2434
1 2166 -2509
1 2241 -2607
1 2371 -2766
1 2442 -2849
1 2586 -3010
1 2899 -3326
1 2988 -3412
1 3056 -3477
1 3196 -3606
1 3349 -3743
1 3473 -3851
1 3539 -3907
1 3622 -3975
1 3756 -4080
1 3822 -4129
1 3934 -4209
1 4058 -4294
1 4188 -4378
1 4300 -4446
1 4356 -4478
1 4491 -4551
1 4578 -4591
1 4647 -4610
1 1820 -1902
1 1833 -1943
1 1944 -2182
1 2029 -2317
1 2304 -2686
1 2463 -2873
1 2525 -2943
1 2609 -3035
1 2865 -3293
1 3125 -3541
1 3174 -3586
1 3237 -3643
1 3296 -3696
1 3421 -3806
1 3576 -3938
1 3598 -3956
1 3715 -4048
1 3924 -4202
1 4046 -4286
1 4105 -4325
1 4142 -4349
1 4247 -4414
1 4440 -4524
1 4540 -4575
1 4622 -4606
1 1844 -1974
1 2264 -2636
1 2516 -2933
1 3070 -3490
1 3305 -3704
1 4280 -4434
1 4618 -4605
1 4634 -4608
