1 2910 -3105
1 8356 -8348
1 5205 -6105
1 3682 -4402
1 6841 -7469
1 3181 -3684
1 4305 -5165
1 5967 -6790
1 7733 -8050
1 2993 -3338
1 3347 -3944
1 4050 -4867
1 4739 -5635
1 5534 -6411
1 6415 -7153
1 7279 -7768
1 8158 -8280
1 2932 -3192
1 3076 -3499
1 3246 -3791
1 3534 -4206
1 3827 -4589
1 4165 -5003
1 4572 -5458
1 4971 -5874
1 5369 -6260
1 5735 -6589
1 6183 -6968
1 6620 -7308
1 7018 -7593
1 7565 -7949
1 7977 -8187
1 8296 -8341
1 2914 -3135
1 2939 -3211
1 3035 -3423
1 3133 -3601
1 3223 -3754
1 3292 -3862
1 3449 -4088
1 3593 -4285
1 3718 -4449
1 3963 -4760
1 4118 -4948
1 4276 -5132
1 4416 -5288
1 4640 -5531
1 4882 -5783
1 5082 -5985
1 5303 -6198
1 5457 -6341
1 5591 -6462
1 5822 -6665
1 6091 -6893
1 6329 -7085
1 6484 -7206
1 6740 -7396
1 6879 -7496
1 7208 -7721
1 7405 -7849
1 7624 -7985
1 7822 -8101
1 8091 -8247
1 8247 -8321
1 8321 -8346
1 2925 -3171
1 2937 -3206
1 2972 -3289
1 3006 -3365
1 3063 -3475
1 3093 -3530
1 3162 -3652
1 3271 -3830
1 3327 -3915
1 3380 -3991
1 3474 -4123
1 3569 -4253
1 3634 -4339
1 3784 -4534
1 3919 -4705
1 3984 -4786
1 4060 -4879
1 4219 -5066
1 4358 -5224
1 4501 -5381
1 4611 -5500
1 4678 -5571
1 4785 -5683
1 4926 -5828
1 5139 -6041
1 5266 -6163
1 5339 -6232
1 5396 -6285
1 5582 -6454
1 5668 -6530
1 5799 -6645
1 5947 -6773
1 6015 -6830
1 6135 -6929
1 6244 -7017
1 6387 -7131
1 6450 -7180
1 6585 -7282
1 6798 -7438
1 6969 -7559
1 7068 -7627
1 7226 -7733
1 7344 -7810
1 7601 -7971
1 7674 -8015
1 7792 -8084
1 7931 -8162
1 8064 -8233
1 8113 -8258
1 8205 -8302
1 8278 -8334
1 8313 -8345
1 8338 -8347
1 2916 -3142
1 2955 -3249
1 3120 -3578
1 3154 -3638
1 3354 -3954
1 3407 -4029
1 3505 -4166
1 3756 -4498
1 3865 -4637
1 4447 -5322
1 4536 -5419
1 4816 -5715
1 5173 -6074
1 5433 -6319
1 5617 -6485
1 5881 -6716
1 6363 -7112
1 6529 -7240
1 7135 -7672
1 7330 -7801
1 7394 -7842
1 7716 -8040
1 7888 -8138
1 8009 -8204
1 8175 -8288
1 8229 -8313
1 8288 -8338
1 8303 -8343
1 7863 -8124
