1 1896 -3106
1 4499 -5949
1 2702 -5043
1 2072 -4077
1 3636 -5737
1 1937 -3579
1 2325 -4557
1 3166 -5460
1 4083 -5901
1 1916 -3431
1 1985 -3810
1 2153 -4254
1 2486 -4791
1 2929 -5270
1 3386 -5604
1 3850 -5833
1 4314 -5938
1 1898 -3185
1 1922 -3494
1 1955 -3675
1 2042 -3997
1 2113 -4169
1 2224 -4386
1 2427 -4710
1 2564 -4887
1 3019 -5345
1 3241 -5513
1 3556 -5696
1 3755 -5795
1 3932 -5862
1 4175 -5920
1 4403 -5945
1 1897 -3146
1 1911 -3371
1 1925 -3512
1 1944 -3617
1 1976 -3775
1 2006 -3883
1 2061 -4048
1 2086 -4109
1 2146 -4240
1 2195 -4333
1 2292 -4503
1 2405 -4678
1 2467 -4765
1 2501 -4810
1 2615 -4945
1 2779 -5124
1 2865 -5211
1 3104 -5412
1 3214 -5495
1 3323 -5566
1 3424 -5625
1 3575 -5706
1 3707 -5772
1 3790 -5810
1 3881 -5844
1 3960 -5870
1 4128 -5911
1 4229 -5927
1 4337 -5940
1 4463 -5948
1 1906 -3301
1 1968 -3737
1 2027 -3950
1 2171 -4288
1 2259 -4447
1 2395 -4663
1 2540 -4858
1 2585 -4911
1 2646 -4980
1 2740 -5083
1 2836 -5182
1 2919 -5261
1 3048 -5368
1 3153 -5450
1 3298 -5550
1 3393 -5608
1 3485 -5658
1 3734 -5785
1 4015 -5884
1 1899 -3200
1 2015 -3912
1 2356 -4604
1 2549 -4869
1 1901 -3229
