1 4198 -4326
1 10952 -10918
1 6899 -7942
1 4926 -5719
1 9258 -9974
1 4358 -4833
1 5892 -6890
1 8139 -9084
1 10188 -10591
1 4244 -4578
1 4586 -5235
1 5354 -6261
1 6417 -7456
1 7553 -8564
1 8666 -9525
1 9705 -10292
1 10658 -10818
1 4212 -4451
1 4281 -4676
1 4486 -5067
1 4713 -5424
1 5111 -5963
1 5615 -6572
1 6167 -7191
1 6595 -7639
1 7237 -8268
1 7863 -8843
1 8390 -9298
1 8900 -9707
1 9526 -10168
1 9981 -10469
1 10454 -10726
1 10816 -10881
1 4202 -4388
1 4225 -4508
1 4264 -4636
1 4319 -4756
1 4425 -4958
1 4537 -5156
1 4624 -5294
1 4820 -5574
1 5029 -5856
1 5241 -6123
1 5518 -6458
1 5798 -6783
1 5986 -6994
1 6253 -7283
1 6501 -7543
1 6844 -7888
1 7044 -8083
1 7346 -8371
1 7751 -8743
1 7963 -8931
1 8327 -9245
1 8513 -9400
1 9068 -9833
1 9413 -10087
1 9640 -10248
1 9832 -10375
1 10113 -10548
1 10323 -10661
1 10554 -10772
1 10774 -10866
1 10918 -10913
1 4201 -4379
1 4206 -4417
1 4219 -4484
1 4235 -4546
1 4251 -4600
1 4278 -4669
1 4291 -4698
1 4331 -4780
1 4377 -4869
1 4446 -4996
1 4514 -5116
1 4581 -5227
1 4678 -5374
1 4732 -5451
1 4870 -5643
1 5001 -5819
1 5073 -5914
1 5308 -6205
1 5398 -6314
1 5569 -6518
1 5718 -6691
1 5840 -6831
1 5924 -6926
1 6085 -7102
1 6208 -7235
1 6341 -7376
1 6545 -7588
1 6979 -8020
1 7168 -8202
1 7294 -8322
1 7437 -8456
1 7596 -8603
1 7809 -8795
1 7905 -8880
1 8072 -9026
1 8259 -9187
1 8347 -9262
1 8461 -9357
1 8607 -9477
1 8746 -9588
1 8862 -9678
1 8945 -9741
1 9193 -9926
1 9325 -10023
1 9491 -10143
1 9571 -10200
1 9749 -10321
1 9879 -10405
1 10042 -10506
1 10142 -10565
1 10237 -10617
1 10423 -10711
1 10506 -10750
1 10590 -10788
1 10742 -10853
1 10796 -10874
1 10861 -10896
1 10927 -10915
1 4200 -4362
1 4204 -4403
1 4210 -4440
1 4215 -4466
1 4231 -4531
1 4260 -4625
1 4304 -4725
1 4398 -4908
1 4469 -5037
1 4550 -5177
1 4655 -5340
1 4782 -5521
1 4854 -5621
1 5100 -5949
1 5145 -6005
1 5197 -6069
1 5272 -6161
1 5666 -6631
1 5751 -6729
1 6029 -7041
1 6131 -7152
1 6180 -7205
1 6287 -7319
1 6940 -7982
1 7013 -8053
1 7119 -8155
1 7257 -8287
1 7312 -8339
1 7392 -8414
1 7510 -8524
1 7575 -8584
1 8018 -8979
1 8102 -9052
1 8203 -9139
1 8420 -9323
1 8490 -9381
1 8574 -9450
1 8690 -9544
1 8778 -9613
1 8814 -9641
1 8875 -9688
1 9001 -9783
1 9115 -9868
1 9445 -10110
1 9581 -10207
1 9798 -10353
1 9857 -10391
1 9922 -10432
1 10017 -10491
1 10074 -10525
1 10197 -10596
1 10278 -10638
1 10543 -10767
1 10713 -10841
1 10759 -10860
1 10907 -10910
1 5771 -6752
1 6040 -7053
1 7481 -8497
1 10216 -10606
1 10677 -10826
1 10887 -10904
