1 2522 -3838
1 6939 -7620
1 3584 -6224
1 2730 -5100
1 5427 -7334
1 2581 -4531
1 3166 -5823
1 4549 -6894
1 6142 -7544
1 2542 -4201
1 2643 -4817
1 2901 -5425
1 3379 -6043
1 4071 -6588
1 5007 -7143
1 5811 -7468
1 6454 -7594
1 2526 -3982
1 2570 -4459
1 2613 -4692
1 2702 -5023
1 2767 -5178
1 3077 -5700
1 3221 -5886
1 3423 -6083
1 3770 -6370
1 4325 -6754
1 4725 -6994
1 5212 -7242
1 5577 -7393
1 5964 -7506
1 6342 -7578
1 6685 -7611
1 2524 -3914
1 2536 -4130
1 2554 -4318
1 2593 -4596
1 2621 -4728
1 2662 -4889
1 2714 -5061
1 2747 -5136
1 2860 -5352
1 3006 -5592
1 3136 -5783
1 3192 -5854
1 3316 -5982
1 3414 -6075
1 3480 -6133
1 3700 -6317
1 3954 -6505
1 4172 -6655
1 4467 -6844
1 4649 -6952
1 4921 -7099
1 5071 -7175
1 5316 -7287
1 5459 -7347
1 5657 -7420
1 5894 -7489
1 6078 -7531
1 6202 -7555
1 6427 -7591
1 6575 -7604
1 6869 -7619
1 2531 -4057
1 2545 -4234
1 2561 -4381
1 2583 -4543
1 2596 -4611
1 2632 -4773
1 2689 -4980
1 2718 -5072
1 2840 -5315
1 2962 -5523
1 3036 -5638
1 3105 -5740
1 3199 -5862
1 3273 -5939
1 3613 -6248
1 3734 -6343
1 3817 -6405
1 4021 -6553
1 4128 -6626
1 4272 -6720
1 4388 -6794
1 4521 -6877
1 4602 -6925
1 4714 -6988
1 4794 -7031
1 4960 -7119
1 5186 -7230
1 5253 -7260
1 5403 -7324
1 5543 -7380
1 5636 -7413
1 5717 -7439
1 5842 -7476
1 5995 -7513
1 6102 -7536
1 6281 -7568
1 6444 -7593
1 6487 -7597
1 6631 -7608
1 6789 -7616
1 2675 -4933
1 2726 -5091
1 2784 -5210
1 2917 -5451
1 2976 -5545
1 3209 -5873
1 3667 -6291
1 3709 -6324
1 3884 -6454
1 4235 -6696
1 4554 -6897
1 4628 -6940
1 4850 -7061
1 5123 -7200
1 5221 -7246
1 5363 -7307
1 5801 -7465
1 6208 -7556
1 6746 -7614
