1 1706 -1756
1 3814 -3911
1 2521 -2940
1 2012 -2350
1 3277 -3593
1 1796 -1984
1 2245 -2645
1 2823 -3228
1 3627 -3829
1 1734 -1847
1 1902 -2178
1 2139 -2519
1 2348 -2759
1 2699 -3114
1 3016 -3390
1 3474 -3731
1 3725 -3883
1 1717 -1801
1 1773 -1935
1 1842 -2072
1 1929 -2222
1 2061 -2418
1 2197 -2588
1 2280 -2684
1 2480 -2898
1 2584 -3003
1 2768 -3178
1 2924 -3314
1 3136 -3485
1 3345 -3643
1 3534 -3771
1 3666 -3852
1 3771 -3900
1 1709 -1772
1 1723 -1818
1 1743 -1868
1 1813 -2017
1 1869 -2121
1 1914 -2198
1 1986 -2311
1 2030 -2375
1 2106 -2477
1 2327 -2736
1 2420 -2835
1 2654 -3071
1 2728 -3141
1 2804 -3211
1 2872 -3270
1 2959 -3343
1 3080 -3441
1 3189 -3526
1 3320 -3625
1 3403 -3683
1 3559 -3787
1 3649 -3842
1 3699 -3870
1 3741 -3889
1 3784 -3904
1 1708 -1767
1 1751 -1886
1 1836 -2061
1 1864 -2112
1 1884 -2147
1 1961 -2272
1 2124 -2500
1 2337 -2747
1 2365 -2777
1 2620 -3038
1 3046 -3414
1 3227 -3555
1 3301 -3611
1 3368 -3659
1 3437 -3706
1 3622 -3826
1 3800 -3908
