1 2800 -5639
1 7378 -9784
1 4476 -8807
1 3301 -7364
1 5722 -9506
1 2957 -6540
1 3829 -8148
1 5073 -9215
1 6655 -9725
1 2847 -6022
1 3125 -6990
1 3607 -7857
1 4085 -8432
1 4737 -9010
1 5354 -9359
1 6252 -9641
1 6978 -9763
1 2814 -5806
1 2902 -6295
1 3017 -6719
1 3209 -7182
1 3411 -7554
1 3691 -7975
1 3920 -8253
1 4243 -8590
1 4603 -8915
1 4852 -9086
1 5174 -9271
1 5629 -9472
1 5943 -9566
1 6415 -9678
1 6761 -9740
1 7180 -9776
1 2801 -5667
1 2825 -5886
1 2861 -6099
1 2938 -6459
1 2971 -6587
1 3069 -6853
1 3169 -7093
1 3260 -7285
1 3370 -7486
1 3536 -7750
1 3649 -7919
1 3724 -8017
1 3884 -8212
1 4019 -8362
1 4193 -8541
1 4345 -8687
1 4546 -8868
1 4680 -8971
1 4780 -9039
1 4983 -9164
1 5136 -9250
1 5251 -9310
1 5431 -9392
1 5673 -9489
1 5828 -9536
1 6138 -9614
1 6343 -9662
1 6560 -9707
1 6675 -9728
1 6831 -9748
1 7028 -9767
1 7271 -9780
1 2810 -5768
1 2833 -5938
1 2875 -6167
1 2917 -6364
1 2955 -6532
1 2991 -6646
1 3044 -6789
1 3096 -6920
1 3147 -7042
1 3194 -7150
1 3225 -7215
1 3321 -7400
1 3392 -7523
1 3454 -7622
1 3563 -7791
1 3634 -7897
1 3675 -7954
1 3792 -8102
1 3891 -8220
1 3967 -8305
1 4044 -8389
1 4144 -8492
1 4291 -8636
1 4442 -8776
1 4581 -8897
1 4634 -8938
1 4774 -9035
1 4833 -9074
1 4924 -9129
1 5016 -9183
1 5217 -9293
1 5343 -9354
1 5377 -9369
1 5519 -9428
1 5771 -9520
1 5900 -9555
1 6068 -9597
1 6218 -9633
1 6295 -9651
1 6494 -9694
1 6623 -9719
1 6888 -9754
1 7108 -9772
1 7200 -9777
1 7324 -9782
1 2804 -5701
1 2895 -6262
1 2905 -6309
1 2928 -6414
1 3002 -6677
1 3351 -7453
1 3380 -7503
1 3421 -7570
1 3491 -7680
1 3660 -7934
1 4061 -8407
1 4394 -8732
1 5278 -9323
1 5398 -9378
1 5979 -9575
1 7142 -9774
1 3359 -7467
