Grid graph
 169 nodes
 312 arcs
 1 2 55 -76
 1 14 18 -25
 2 3 18 -14
 2 15 61 -65
 3 4 23 -18
 3 16 12 -13
 4 5 33 -33
 4 17 39 -55
 5 6 58 -48
 5 18 10 -14
 6 7 7 -5
 6 19 54 -63
 7 8 6 -6
 7 20 9 -13
 8 9 46 -66
 8 21 40 -48
 9 10 33 -38
 9 22 62 -77
 10 11 54 -39
 10 23 49 -60
 11 12 12 -16
 11 24 54 -53
 12 13 44 -43
 12 25 2 -3
 13 26 59 -73
 14 15 3 -4
 14 27 22 -18
 15 16 42 -45
 15 28 49 -68
 16 17 58 -64
 16 29 18 -16
 17 18 36 -33
 17 30 23 -22
 18 19 72 -62
 18 31 2 -2
 19 20 68 -56
 19 32 49 -67
 20 21 7 -7
 20 33 18 -19
 21 22 10 -7
 21 34 45 -44
 22 23 51 -45
 22 35 38 -30
 23 24 45 -40
 23 36 23 -26
 24 25 42 -33
 24 37 39 -37
 25 26 15 -17
 25 38 65 -66
 26 39 66 -48
 27 28 68 -72
 27 40 33 -35
 28 29 44 -37
 28 41 21 -18
 29 30 68 -62
 29 42 37 -26
 30 31 14 -19
 30 43 22 -26
 31 32 62 -48
 31 44 3 -3
 32 33 34 -31
 32 45 62 -77
 33 34 12 -15
 33 46 70 -60
 34 35 22 -18
 34 47 11 -15
 35 36 55 -46
 35 48 65 -71
 36 37 17 -22
 36 49 1 -1
 37 38 55 -69
 37 50 13 -16
 38 39 3 -4
 38 51 12 -17
 39 52 63 -74
 40 41 62 -76
 40 53 29 -28
 41 42 32 -41
 41 54 29 -28
 42 43 38 -51
 42 55 43 -35
 43 44 22 -25
 43 56 26 -28
 44 45 50 -36
 44 57 65 -48
 45 46 48 -40
 45 58 0 0
 46 47 60 -62
 46 59 68 -67
 47 48 45 -61
 47 60 52 -62
 48 49 55 -68
 48 61 54 -74
 49 50 55 -62
 49 62 29 -36
 50 51 32 -45
 50 63 77 -61
 51 52 59 -54
 51 64 21 -19
 52 65 39 -36
 53 54 71 -53
 53 66 64 -48
 54 55 12 -13
 54 67 66 -67
 55 56 31 -35
 55 68 20 -28
 56 57 69 -65
 56 69 72 -57
 57 58 66 -66
 57 70 70 -54
 58 59 42 -32
 58 71 22 -17
 59 60 32 -30
 59 72 33 -34
 60 61 49 -65
 60 73 30 -40
 61 62 49 -42
 61 74 59 -42
 62 63 17 -13
 62 75 52 -70
 63 64 25 -30
 63 76 0 0
 64 65 34 -32
 64 77 61 -77
 65 78 15 -21
 66 67 0 0
 66 79 41 -42
 67 68 80 -56
 67 80 17 -24
 68 69 54 -68
 68 81 32 -24
 69 70 71 -54
 69 82 35 -25
 70 71 7 -10
 70 83 73 -57
 71 72 2 -2
 71 84 52 -65
 72 73 54 -51
 72 85 61 -49
 73 74 10 -12
 73 86 32 -34
 74 75 57 -44
 74 87 14 -15
 75 76 40 -44
 75 88 15 -14
 76 77 47 -60
 76 89 40 -51
 77 78 28 -38
 77 90 6 -6
 78 91 50 -43
 79 80 12 -10
 79 92 49 -54
 80 81 31 -24
 80 93 52 -67
 81 82 70 -52
 81 94 34 -39
 82 83 5 -5
 82 95 2 -2
 83 84 33 -27
 83 96 26 -32
 84 85 55 -39
 84 97 64 -47
 85 86 40 -28
 85 98 46 -54
 86 87 63 -49
 86 99 3 -3
 87 88 19 -16
 87 100 67 -63
 88 89 5 -4
 88 101 41 -34
 89 90 10 -11
 89 102 11 -7
 90 91 21 -29
 90 103 17 -23
 91 104 32 -38
 92 93 39 -54
 92 105 4 -5
 93 94 5 -3
 93 106 37 -49
 94 95 9 -12
 94 107 28 -30
 95 96 63 -67
 95 108 1 -1
 96 97 64 -48
 96 109 29 -25
 97 98 8 -6
 97 110 15 -13
 98 99 59 -74
 98 111 76 -56
 99 100 26 -27
 99 112 24 -27
 100 101 4 -4
 100 113 69 -50
 101 102 59 -42
 101 114 55 -64
 102 103 16 -13
 102 115 45 -55
 103 104 45 -62
 103 116 57 -54
 104 117 33 -38
 105 106 10 -9
 105 118 26 -26
 106 107 44 -58
 106 119 21 -20
 107 108 21 -25
 107 120 40 -41
 108 109 67 -59
 108 121 24 -20
 109 110 18 -25
 109 122 32 -32
 110 111 52 -68
 110 123 30 -30
 111 112 41 -39
 111 124 31 -30
 112 113 12 -10
 112 125 61 -76
 113 114 18 -18
 113 126 2 -2
 114 115 46 -35
 114 127 8 -10
 115 116 40 -36
 115 128 78 -61
 116 117 54 -71
 116 129 4 -4
 117 130 31 -32
 118 119 5 -6
 118 131 38 -39
 119 120 66 -52
 119 132 46 -63
 120 121 65 -57
 120 133 11 -9
 121 122 54 -65
 121 134 57 -80
 122 123 41 -57
 122 135 47 -61
 123 124 45 -46
 123 136 37 -32
 124 125 25 -22
 124 137 52 -40
 125 126 52 -37
 125 138 21 -21
 126 127 24 -17
 126 139 19 -23
 127 128 57 -59
 127 140 52 -62
 128 129 5 -5
 128 141 17 -21
 129 130 6 -6
 129 142 4 -2
 130 143 12 -9
 131 132 65 -49
 131 144 30 -44
 132 133 2 -2
 132 145 24 -21
 133 134 14 -14
 133 146 30 -40
 134 135 42 -54
 134 147 57 -62
 135 136 42 -55
 135 148 3 -3
 136 137 16 -19
 136 149 40 -48
 137 138 35 -32
 137 150 50 -37
 138 139 44 -31
 138 151 22 -20
 139 140 17 -24
 139 152 15 -17
 140 141 74 -61
 140 153 20 -14
 141 142 73 -53
 141 154 47 -62
 142 143 41 -40
 142 155 38 -40
 143 156 3 -2
 144 145 57 -77
 144 157 21 -20
 145 146 39 -46
 145 158 74 -57
 146 147 25 -35
 146 159 39 -28
 147 148 18 -26
 147 160 12 -15
 148 149 54 -46
 148 161 37 -30
 149 150 7 -6
 149 162 40 -52
 150 151 17 -16
 150 163 31 -32
 151 152 55 -77
 151 164 41 -46
 152 153 0 0
 152 165 66 -69
 153 154 80 -58
 153 166 17 -16
 154 155 9 -10
 154 167 24 -22
 155 156 55 -40
 155 168 12 -13
 156 169 75 -58
 157 158 10 -9
 158 159 5 -7
 159 160 52 -50
 160 161 58 -49
 161 162 0 0
 162 163 29 -25
 163 164 54 -43
 164 165 51 -40
 165 166 56 -68
 166 167 62 -59
 167 168 10 -7
 168 169 53 -55
