1 2933 -3066
1 6915 -7245
1 4389 -5185
1 3347 -3923
1 5993 -6687
1 3072 -3467
1 3733 -4442
1 5192 -5986
1 6568 -7099
1 2979 -3257
1 3209 -3710
1 3533 -4184
1 4125 -4901
1 4790 -5597
1 5526 -6289
1 6362 -6966
1 6731 -7185
1 2939 -3126
1 3013 -3338
1 3133 -3580
1 3274 -3814
1 3442 -4058
1 3593 -4264
1 3947 -4696
1 4202 -4987
1 4691 -5498
1 4949 -5753
1 5297 -6084
1 5654 -6400
1 6118 -6787
1 6432 -7015
1 6658 -7151
1 6845 -7229
1 2934 -3093
1 2952 -3178
1 2998 -3304
1 3039 -3396
1 3097 -3515
1 3176 -3655
1 3267 -3803
1 3318 -3880
1 3403 -4003
1 3503 -4143
1 3577 -4243
1 3682 -4378
1 3812 -4537
1 4029 -4791
1 4175 -4957
1 4312 -5104
1 4454 -5253
1 4910 -5715
1 5110 -5908
1 5409 -6185
1 5612 -6364
1 5860 -6575
1 6076 -6754
1 6194 -6844
1 6407 -6998
1 6491 -7052
1 6623 -7131
1 6677 -7160
1 6772 -7202
1 6871 -7237
1 2936 -3109
1 2949 -3167
1 2959 -3199
1 2991 -3287
1 3063 -3448
1 3080 -3483
1 3114 -3546
1 3153 -3615
1 3232 -3747
1 3363 -3946
1 3485 -4118
1 3614 -4291
1 3705 -4407
1 3767 -4483
1 3862 -4596
1 3971 -4724
1 4103 -4876
1 4247 -5035
1 4330 -5123
1 4596 -5400
1 4856 -5662
1 5009 -5811
1 5157 -5953
1 5370 -6150
1 5558 -6317
1 5788 -6514
1 5925 -6630
1 6030 -6717
1 6175 -6830
1 6257 -6890
1 6420 -7007
1 6467 -7037
1 6540 -7082
1 6592 -7113
1 6649 -7146
1 6662 -7153
1 6718 -7179
1 6755 -7195
1 6827 -7223
1 6896 -7242
1 2947 -3159
1 2970 -3231
1 3089 -3500
1 3124 -3564
1 3639 -4323
1 4069 -4837
1 4110 -4884
1 4216 -5002
1 4510 -5311
1 4658 -5464
1 5061 -5861
1 5134 -5931
1 5318 -6103
1 5466 -6236
1 5493 -6260
1 5589 -6344
1 5728 -6463
1 5982 -6678
1 6337 -6948
1 6785 -7207
1 6902 -7243
1 4567 -5370
