1 3769 -4062
1 9312 -9728
1 5887 -7110
1 4504 -5463
1 7931 -8956
1 3954 -4593
1 5137 -6295
1 6983 -8172
1 8715 -9478
1 3820 -4302
1 4195 -4996
1 4809 -5889
1 5452 -6649
1 6416 -7639
1 7366 -8502
1 8311 -9229
1 9100 -9666
1 3785 -4189
1 3873 -4427
1 4025 -4719
1 4359 -5251
1 4662 -5688
1 4923 -6036
1 5285 -6464
1 5693 -6908
1 6686 -7899
1 7125 -8298
1 7695 -8769
1 8097 -9079
1 8485 -9343
1 8902 -9577
1 9228 -9712
1 3773 -4115
1 3802 -4247
1 3837 -4346
1 3913 -4511
1 4002 -4680
1 4139 -4907
1 4264 -5104
1 4409 -5325
1 4618 -5626
1 4738 -5793
1 4879 -5980
1 5014 -6147
1 5188 -6354
1 5371 -6560
1 5553 -6758
1 5802 -7022
1 6043 -7269
1 6276 -7502
1 6572 -7790
1 6839 -8041
1 7003 -8190
1 7190 -8354
1 7470 -8587
1 7822 -8870
1 8028 -9029
1 8228 -9172
1 8387 -9279
1 8578 -9399
1 8829 -9540
1 9007 -9626
1 9179 -9697
1 9283 -9726
1 3772 -4105
1 3782 -4174
1 3792 -4213
1 3808 -4266
1 3826 -4318
1 3843 -4360
1 3879 -4440
1 3967 -4617
1 4078 -4807
1 4178 -4969
1 4239 -5065
1 4331 -5208
1 4371 -5269
1 4477 -5424
1 4543 -5519
1 4698 -5738
1 4783 -5854
1 4862 -5958
1 4893 -5998
1 4981 -6107
1 5101 -6252
1 5149 -6309
1 5231 -6403
1 5310 -6492
1 5401 -6593
1 5514 -6716
1 5661 -6874
1 5756 -6974
1 5828 -7049
1 5934 -7158
1 6329 -7554
1 6480 -7701
1 6669 -7883
1 6735 -7945
1 6907 -8103
1 7331 -8473
1 7410 -8538
1 7597 -8690
1 7720 -8789
1 7884 -8919
1 7985 -8997
1 8065 -9056
1 8170 -9131
1 8274 -9204
1 8355 -9258
1 8442 -9315
1 8538 -9375
1 8664 -9449
1 8762 -9504
1 8856 -9554
1 8944 -9597
1 9051 -9645
1 9129 -9678
1 9208 -9706
1 9261 -9721
1 9296 -9727
1 3770 -4078
1 3776 -4136
1 3835 -4341
1 3851 -4378
1 3889 -4461
1 4049 -4759
1 4106 -4853
1 4209 -5018
1 4302 -5163
1 4342 -5225
1 4444 -5376
1 4571 -5559
1 4822 -5906
1 4919 -6031
1 4945 -6063
1 5261 -6437
1 5336 -6521
1 5778 -6997
1 5986 -7211
1 6373 -7597
1 6511 -7731
1 6622 -7838
1 6788 -7994
1 6851 -8052
1 6940 -8133
1 7274 -8425
1 7576 -8673
1 7644 -8728
1 7865 -8904
1 7993 -9003
1 8118 -9094
1 8238 -9179
1 8293 -9217
1 8619 -9423
1 8775 -9511
1 8925 -9588
1 8996 -9621
1 9163 -9691
1 9235 -9714
1 9278 -9725
1 7229 -8387
