1 2560 -4838
1 6043 -8327
1 3362 -6960
1 2770 -6013
1 4837 -8021
1 2606 -5399
1 3082 -6608
1 4064 -7550
1 5466 -8263
1 2571 -5121
1 2676 -5710
1 2892 -6275
1 3238 -6826
1 3607 -7200
1 4480 -7818
1 5111 -8146
1 5661 -8299
1 2563 -4981
1 2581 -5228
1 2640 -5568
1 2728 -5888
1 2824 -6136
1 2987 -6453
1 3163 -6728
1 3300 -6895
1 3496 -7094
1 3778 -7338
1 4188 -7634
1 4692 -7943
1 4924 -8063
1 5320 -8220
1 5564 -8283
1 5906 -8321
1 2561 -4898
1 2567 -5053
1 2574 -5155
1 2592 -5312
1 2627 -5508
1 2653 -5623
1 2703 -5804
1 2742 -5932
1 2789 -6058
1 2854 -6199
1 2945 -6375
1 3020 -6508
1 3108 -6647
1 3211 -6791
1 3251 -6841
1 3326 -6923
1 3552 -7148
1 3663 -7247
1 3899 -7429
1 4139 -7602
1 4388 -7761
1 4576 -7876
1 4738 -7969
1 4995 -8095
1 5237 -8192
1 5357 -8232
1 5544 -8279
1 5613 -8292
1 5770 -8310
1 5986 -8325
1 2562 -4945
1 2564 -5000
1 2585 -5259
1 2594 -5325
1 2624 -5493
1 2630 -5522
1 2672 -5695
1 2689 -5756
1 2720 -5862
1 2782 -6042
1 2800 -6083
1 2840 -6170
1 2937 -6360
1 2967 -6416
1 2998 -6472
1 3046 -6550
1 3135 -6687
1 3743 -7311
1 3840 -7385
1 3968 -7480
1 4142 -7604
1 4266 -7684
1 4415 -7778
1 4541 -7855
1 4588 -7883
1 4779 -7991
1 4968 -8083
1 5074 -8130
1 5179 -8171
1 5278 -8206
1 5416 -8249
1 5602 -8290
1 5654 -8298
1 5709 -8304
1 5817 -8314
1 2831 -6151
1 2974 -6429
1 3953 -7469
1 4024 -7521
1 4315 -7715
1 4659 -7924
1 5138 -8156
1 5749 -8308
