1 1678 -3080
1 4009 -4667
1 2439 -4182
1 1839 -3560
1 3149 -4507
1 1748 -3364
1 2131 -3910
1 2705 -4334
1 3686 -4641
1 1706 -3223
1 1804 -3500
1 2018 -3785
1 2281 -4053
1 2559 -4257
1 2921 -4425
1 3492 -4602
1 3876 -4664
1 1688 -3148
1 1719 -3269
1 1777 -3440
1 1828 -3542
1 1918 -3663
1 2074 -3848
1 2192 -3970
1 2323 -4089
1 2506 -4226
1 2677 -4321
1 2825 -4386
1 3060 -4478
1 3328 -4560
1 3601 -4625
1 3806 -4658
1 3946 -4666
1 1681 -3105
1 1690 -3158
1 1708 -3231
1 1735 -3322
1 1769 -3420
1 1848 -3573
1 1922 -3668
1 2057 -3829
1 2108 -3885
1 2167 -3946
1 2228 -4004
1 2392 -4145
1 2448 -4188
1 2621 -4291
1 2692 -4328
1 2797 -4374
1 2864 -4402
1 2996 -4454
1 3127 -4500
1 3256 -4539
1 3441 -4589
1 3553 -4615
1 3654 -4635
1 3744 -4650
1 1881 -3616
1 1972 -3729
1 2270 -4043
1 2355 -4115
1 2744 -4351
1 2911 -4421
1 3229 -4531
1 3300 -4552
1 3363 -4569
