Grid graph
 225 nodes
 420 arcs
 1 2 57 -46
 1 16 34 -48
 2 3 54 -63
 2 17 18 -17
 3 4 4 -5
 3 18 1 -2
 4 5 40 -39
 4 19 61 -64
 5 6 35 -39
 5 20 28 -32
 6 7 3 -3
 6 21 42 -53
 7 8 32 -24
 7 22 7 -6
 8 9 51 -54
 8 23 24 -19
 9 10 42 -35
 9 24 58 -70
 10 11 73 -64
 10 25 37 -31
 11 12 40 -33
 11 26 17 -14
 12 13 49 -65
 12 27 21 -17
 13 14 28 -24
 13 28 50 -38
 14 15 38 -51
 14 29 66 -51
 15 30 25 -27
 16 17 29 -23
 16 31 5 -4
 17 18 54 -62
 17 32 3 -2
 18 19 30 -22
 18 33 37 -31
 19 20 5 -5
 19 34 1 -1
 20 21 38 -40
 20 35 26 -26
 21 22 23 -18
 21 36 75 -64
 22 23 8 -7
 22 37 12 -14
 23 24 55 -64
 23 38 31 -30
 24 25 46 -52
 24 39 48 -65
 25 26 6 -8
 25 40 12 -17
 26 27 45 -47
 26 41 33 -45
 27 28 63 -60
 27 42 0 0
 28 29 46 -58
 28 43 62 -65
 29 30 36 -43
 29 44 40 -29
 30 45 11 -8
 31 32 33 -29
 31 46 44 -34
 32 33 9 -9
 32 47 72 -66
 33 34 45 -48
 33 48 48 -37
 34 35 66 -66
 34 49 3 -3
 35 36 55 -64
 35 50 27 -37
 36 37 68 -55
 36 51 34 -45
 37 38 42 -36
 37 52 62 -65
 38 39 30 -36
 38 53 10 -10
 39 40 73 -61
 39 54 30 -40
 40 41 2 -2
 40 55 2 -2
 41 42 33 -24
 41 56 42 -54
 42 43 31 -42
 42 57 6 -7
 43 44 31 -42
 43 58 32 -38
 44 45 48 -39
 44 59 23 -21
 45 60 16 -16
 46 47 29 -23
 46 61 40 -46
 47 48 13 -14
 47 62 17 -24
 48 49 60 -67
 48 63 50 -62
 49 50 2 -3
 49 64 33 -28
 50 51 1 -1
 50 65 66 -54
 51 52 37 -45
 51 66 10 -9
 52 53 9 -12
 52 67 23 -26
 53 54 13 -12
 53 68 62 -73
 54 55 0 0
 54 69 38 -52
 55 56 28 -33
 55 70 47 -67
 56 57 62 -66
 56 71 13 -12
 57 58 10 -8
 57 72 40 -30
 58 59 27 -28
 58 73 26 -31
 59 60 18 -25
 59 74 51 -39
 60 75 73 -64
 61 62 65 -49
 61 76 2 -2
 62 63 29 -37
 62 77 59 -79
 63 64 33 -47
 63 78 24 -23
 64 65 26 -31
 64 79 36 -42
 65 66 5 -7
 65 80 5 -5
 66 67 25 -36
 66 81 53 -65
 67 68 67 -61
 67 82 39 -29
 68 69 27 -24
 68 83 63 -60
 69 70 64 -46
 69 84 55 -42
 70 71 24 -20
 70 85 50 -50
 71 72 27 -28
 71 86 9 -8
 72 73 35 -35
 72 87 39 -33
 73 74 17 -14
 73 88 0 0
 74 75 8 -9
 74 89 57 -43
 75 90 25 -19
 76 77 5 -6
 76 91 52 -39
 77 78 14 -15
 77 92 28 -28
 78 79 12 -16
 78 93 36 -39
 79 80 60 -77
 79 94 53 -43
 80 81 44 -55
 80 95 72 -52
 81 82 40 -39
 81 96 24 -17
 82 83 4 -3
 82 97 77 -56
 83 84 40 -29
 83 98 34 -35
 84 85 40 -29
 84 99 65 -58
 85 86 47 -36
 85 100 33 -37
 86 87 59 -66
 86 101 36 -51
 87 88 70 -51
 87 102 67 -55
 88 89 55 -53
 88 103 3 -2
 89 90 6 -5
 89 104 53 -70
 90 105 64 -59
 91 92 71 -50
 91 106 80 -57
 92 93 9 -7
 92 107 8 -9
 93 94 29 -33
 93 108 49 -45
 94 95 48 -53
 94 109 10 -14
 95 96 16 -19
 95 110 37 -45
 96 97 54 -42
 96 111 6 -7
 97 98 42 -57
 97 112 36 -50
 98 99 23 -30
 98 113 22 -28
 99 100 33 -32
 99 114 49 -67
 100 101 66 -60
 100 115 59 -46
 101 102 66 -66
 101 116 56 -62
 102 103 29 -31
 102 117 42 -30
 103 104 12 -14
 103 118 14 -18
 104 105 55 -62
 104 119 68 -67
 105 120 36 -30
 106 107 48 -34
 106 121 34 -30
 107 108 5 -7
 107 122 73 -52
 108 109 2 -2
 108 123 73 -57
 109 110 38 -52
 109 124 21 -26
 110 111 54 -49
 110 125 44 -60
 111 112 52 -41
 111 126 57 -78
 112 113 55 -63
 112 127 73 -66
 113 114 50 -55
 113 128 61 -64
 114 115 61 -77
 114 129 4 -4
 115 116 16 -13
 115 130 44 -41
 116 117 39 -50
 116 131 35 -25
 117 118 8 -7
 117 132 5 -5
 118 119 27 -32
 118 133 67 -60
 119 120 78 -55
 119 134 49 -66
 120 135 6 -6
 121 122 53 -47
 121 136 42 -48
 122 123 25 -18
 122 137 29 -40
 123 124 15 -16
 123 138 76 -60
 124 125 28 -37
 124 139 60 -77
 125 126 18 -16
 125 140 19 -26
 126 127 1 -1
 126 141 31 -22
 127 128 4 -5
 127 142 56 -54
 128 129 46 -38
 128 143 53 -52
 129 130 20 -23
 129 144 9 -8
 130 131 3 -3
 130 145 23 -24
 131 132 11 -14
 131 146 32 -24
 132 133 40 -47
 132 147 61 -71
 133 134 54 -47
 133 148 77 -55
 134 135 69 -48
 134 149 0 0
 135 150 44 -52
 136 137 3 -2
 136 151 45 -36
 137 138 24 -26
 137 152 57 -71
 138 139 26 -34
 138 153 27 -30
 139 140 33 -43
 139 154 2 -1
 140 141 29 -22
 140 155 2 -1
 141 142 18 -24
 141 156 48 -36
 142 143 14 -15
 142 157 63 -48
 143 144 15 -18
 143 158 27 -22
 144 145 21 -27
 144 159 71 -57
 145 146 8 -5
 145 160 71 -58
 146 147 60 -59
 146 161 21 -18
 147 148 30 -35
 147 162 24 -23
 148 149 55 -51
 148 163 49 -68
 149 150 66 -66
 149 164 52 -37
 150 165 48 -34
 151 152 25 -27
 151 166 27 -29
 152 153 58 -61
 152 167 51 -44
 153 154 20 -19
 153 168 31 -26
 154 155 4 -5
 154 169 47 -54
 155 156 58 -46
 155 170 62 -52
 156 157 23 -17
 156 171 10 -8
 157 158 10 -8
 157 172 42 -38
 158 159 62 -68
 158 173 18 -18
 159 160 9 -7
 159 174 63 -66
 160 161 49 -60
 160 175 26 -21
 161 162 45 -39
 161 176 16 -15
 162 163 61 -72
 162 177 3 -3
 163 164 24 -30
 163 178 47 -61
 164 165 20 -28
 164 179 43 -52
 165 180 29 -35
 166 167 54 -57
 166 181 42 -30
 167 168 56 -67
 167 182 28 -29
 168 169 31 -40
 168 183 40 -37
 169 170 72 -64
 169 184 56 -57
 170 171 15 -13
 170 185 9 -10
 171 172 68 -60
 171 186 27 -31
 172 173 0 0
 172 187 5 -4
 173 174 42 -42
 173 188 11 -14
 174 175 58 -74
 174 189 37 -44
 175 176 35 -50
 175 190 73 -62
 176 177 22 -18
 176 191 2 -3
 177 178 48 -44
 177 192 3 -3
 178 179 69 -68
 178 193 40 -33
 179 180 1 0
 179 194 22 -28
 180 195 66 -67
 181 182 17 -18
 181 196 47 -57
 182 183 4 -4
 182 197 10 -13
 183 184 58 -54
 183 198 52 -72
 184 185 39 -42
 184 199 14 -15
 185 186 45 -39
 185 200 72 -59
 186 187 54 -73
 186 201 20 -14
 187 188 38 -30
 187 202 5 -6
 188 189 51 -39
 188 203 1 -1
 189 190 22 -19
 189 204 31 -37
 190 191 51 -67
 190 205 45 -52
 191 192 23 -32
 191 206 56 -73
 192 193 2 -2
 192 207 58 -67
 193 194 43 -54
 193 208 25 -18
 194 195 47 -42
 194 209 13 -11
 195 210 12 -13
 196 197 29 -38
 196 211 48 -59
 197 198 28 -21
 197 212 41 -44
 198 199 52 -59
 198 213 53 -51
 199 200 21 -28
 199 214 76 -56
 200 201 29 -40
 200 215 52 -70
 201 202 27 -30
 201 216 1 -1
 202 203 36 -40
 202 217 23 -20
 203 204 29 -39
 203 218 53 -55
 204 205 16 -13
 204 219 41 -31
 205 206 48 -44
 205 220 29 -31
 206 207 24 -23
 206 221 39 -45
 207 208 66 -47
 207 222 44 -48
 208 209 48 -62
 208 223 31 -25
 209 210 40 -52
 209 224 14 -19
 210 225 5 -4
 211 212 48 -36
 212 213 3 -2
 213 214 55 -63
 214 215 5 -5
 215 216 42 -49
 216 217 30 -40
 217 218 34 -36
 218 219 47 -44
 219 220 45 -44
 220 221 33 -26
 221 222 15 -12
 222 223 39 -52
 223 224 29 -29
 224 225 66 -71
