1 972 -1929
1 2111 -3123
1 1321 -2784
1 1028 -2299
1 1779 -3054
1 984 -2134
1 1159 -2574
1 1438 -2893
1 1902 -3097
1 976 -2059
1 1004 -2232
1 1100 -2455
1 1213 -2655
1 1374 -2839
1 1650 -2997
1 1811 -3066
1 2024 -3118
1 973 -1990
1 999 -2213
1 1018 -2272
1 1050 -2348
1 1121 -2499
1 1191 -2626
1 1260 -2714
1 1417 -2877
1 1469 -2910
1 1715 -3026
1 1874 -3088
1 1954 -3107
1 2054 -3120
1 988 -2158
1 1069 -2389
1 1134 -2525
1 1173 -2597
1 1289 -2748
1 1570 -2959
1 1883 -3091
1 2001 -3115
1 1062 -2374
1 1514 -2932
