1 1127 -2310
1 2544 -3934
1 1528 -3440
1 1249 -2989
1 2019 -3806
1 1159 -2633
1 1331 -3174
1 1699 -3619
1 2291 -3915
1 1143 -2517
1 1186 -2768
1 1320 -3155
1 1432 -3320
1 1573 -3491
1 1799 -3689
1 2202 -3885
1 2396 -3928
1 1131 -2368
1 1147 -2551
1 1180 -2742
1 1229 -2923
1 1256 -3008
1 1374 -3240
1 1474 -3375
1 1641 -3562
1 1754 -3659
1 1917 -3753
1 2064 -3827
1 2241 -3899
1 2335 -3922
1 2468 -3931
1 1138 -2456
1 1152 -2586
1 1165 -2665
1 1208 -2849
1 1235 -2944
1 1274 -3050
1 1349 -3202
1 1408 -3287
1 1460 -3357
1 1595 -3514
1 1642 -3563
1 1718 -3633
1 1815 -3698
1 1991 -3792
1 2150 -3864
1 2296 -3916
1 2372 -3926
1 1157 -2620
1 1288 -3082
1 1338 -3185
1 1863 -3724
