1 3104 -3265
1 6910 -6953
1 4421 -5157
1 3468 -4051
1 5886 -6405
1 3176 -3539
1 3795 -4485
1 5202 -5869
1 6486 -6793
1 3126 -3406
1 3348 -3867
1 3711 -4384
1 4076 -4804
1 4814 -5526
1 5536 -6139
1 6230 -6644
1 6736 -6910
1 3115 -3352
1 3144 -3463
1 3264 -3714
1 3418 -3978
1 3612 -4251
1 3735 -4414
1 3983 -4701
1 4267 -5004
1 4590 -5318
1 5002 -5695
1 5287 -5940
1 5759 -6311
1 6083 -6544
1 6378 -6733
1 6617 -6858
1 6846 -6942
1 3107 -3300
1 3123 -3394
1 3135 -3438
1 3164 -3512
1 3225 -3638
1 3322 -3821
1 3365 -3896
1 3435 -4003
1 3548 -4163
1 3678 -4340
1 3718 -4393
1 3760 -4444
1 3920 -4629
1 4033 -4757
1 4198 -4933
1 4387 -5124
1 4520 -5252
1 4937 -5637
1 5108 -5788
1 5235 -5897
1 5485 -6099
1 5648 -6226
1 5826 -6361
1 5993 -6481
1 6196 -6622
1 6302 -6688
1 6420 -6757
1 6579 -6840
1 6707 -6898
1 6758 -6918
1 6874 -6948
1 3105 -3278
1 3119 -3374
1 3131 -3425
1 3136 -3441
1 3149 -3476
1 3186 -3560
1 3253 -3693
1 3287 -3757
1 3356 -3881
1 3396 -3944
1 3422 -3984
1 3512 -4113
1 3623 -4266
1 3771 -4457
1 3847 -4545
1 4064 -4791
1 4141 -4873
1 4228 -4964
1 4452 -5187
1 4573 -5302
1 4655 -5379
1 4755 -5472
1 4867 -5574
1 5060 -5746
1 5159 -5832
1 5276 -5931
1 5369 -6006
1 5582 -6175
1 5700 -6266
1 5767 -6317
1 5849 -6378
1 5942 -6445
1 6050 -6521
1 6132 -6578
1 6269 -6668
1 6339 -6710
1 6447 -6772
1 6531 -6816
1 6659 -6877
1 6714 -6901
1 6812 -6933
1 6887 -6950
1 3272 -3729
1 3299 -3779
1 3646 -4297
1 3880 -4583
1 4124 -4855
1 4498 -5231
1 4538 -5269
1 4639 -5364
1 4685 -5407
1 4780 -5495
1 4836 -5546
1 5318 -5965
1 5445 -6067
1 6177 -6609
1 6251 -6657
1 6731 -6908
1 6783 -6925
1 6838 -6940
1 6880 -6949
1 6902 -6952
1 6238 -6649
1 6765 -6920
