1 2702 -2769
1 6938 -7069
1 4308 -5030
1 3143 -3682
1 5793 -6370
1 2811 -3147
1 3685 -4357
1 5090 -5787
1 6442 -6828
1 2722 -2906
1 2958 -3413
1 3428 -4052
1 3995 -4701
1 4696 -5416
1 5398 -6052
1 6146 -6632
1 6755 -7005
1 2709 -2851
1 2777 -3068
1 2875 -3271
1 3053 -3554
1 3271 -3852
1 3494 -4134
1 3824 -4514
1 4174 -4893
1 4614 -5336
1 4913 -5624
1 5215 -5897
1 5607 -6223
1 5964 -6499
1 6268 -6717
1 6646 -6948
1 6878 -7056
1 2704 -2800
1 2713 -2869
1 2744 -2975
1 2799 -3121
1 2827 -3179
1 2924 -3357
1 2995 -3469
1 3071 -3580
1 3189 -3744
1 3357 -3963
1 3473 -4108
1 3594 -4251
1 3762 -4445
1 3901 -4599
1 4046 -4756
1 4217 -4937
1 4664 -5385
1 4806 -5522
1 5023 -5726
1 5145 -5836
1 5314 -5982
1 5506 -6141
1 5756 -6341
1 5860 -6421
1 6108 -6605
1 6190 -6663
1 6331 -6758
1 6575 -6907
1 6718 -6987
1 6838 -7041
1 6909 -7064
1 2703 -2787
1 2706 -2821
1 2720 -2898
1 2731 -2936
1 2769 -3046
1 2786 -3090
1 2804 -3132
1 2853 -3229
1 2892 -3301
1 2939 -3382
1 2975 -3439
1 3029 -3519
1 3121 -3651
1 3226 -3793
1 3298 -3887
1 3400 -4017
1 3541 -4189
1 3654 -4321
1 3747 -4428
1 3815 -4504
1 3852 -4545
1 3946 -4648
1 4102 -4816
1 4262 -4983
1 4752 -5470
1 4878 -5591
1 4956 -5664
1 5068 -5767
1 5119 -5813
1 5186 -5872
1 5265 -5940
1 5444 -6090
1 5550 -6177
1 5665 -6269
1 5770 -6352
1 5819 -6390
1 6018 -6539
1 6122 -6615
1 6226 -6688
1 6297 -6736
1 6388 -6794
1 6475 -6848
1 6613 -6929
1 6673 -6963
1 6814 -7031
1 6858 -7049
1 6884 -7058
1 2757 -3012
1 2865 -3252
1 3014 -3497
1 3090 -3607
1 3336 -3936
1 3705 -4380
1 4159 -4877
1 5128 -5821
1 5713 -6307
1 6067 -6575
1 6470 -6845
1 6519 -6874
1 6782 -7017
1 6558 -6897
