1 1903 -1967
1 4802 -4945
1 3035 -3541
1 2251 -2615
1 4082 -4499
1 2015 -2255
1 2659 -3125
1 3625 -4107
1 4528 -4812
1 1931 -2078
1 2106 -2406
1 2422 -2837
1 2930 -3430
1 3377 -3877
1 3801 -4265
1 4289 -4655
1 4677 -4896
1 1914 -2024
1 1969 -2168
1 2065 -2340
1 2161 -2488
1 2384 -2789
1 2568 -3016
1 2745 -3224
1 2976 -3480
1 3144 -3651
1 3493 -3986
1 3711 -4185
1 3957 -4397
1 4167 -4565
1 4435 -4754
1 4578 -4841
1 4754 -4931
1 1913 -2020
1 1922 -2052
1 1961 -2150
1 1988 -2204
1 2027 -2276
1 2090 -2381
1 2124 -2433
1 2177 -2511
1 2318 -2703
1 2418 -2832
1 2461 -2885
1 2622 -3081
1 2704 -3177
1 2838 -3328
1 2963 -3466
1 3075 -3582
1 3263 -3767
1 3415 -3913
1 3679 -4156
1 3775 -4242
1 3902 -4351
1 4035 -4461
1 4114 -4524
1 4237 -4617
1 4329 -4683
1 4446 -4761
1 4548 -4824
1 4630 -4870
1 4737 -4924
1 4788 -4942
1 1909 -1999
1 1927 -2067
1 1943 -2107
1 2043 -2303
1 2079 -2363
1 2226 -2580
1 2286 -2661
1 2354 -2750
1 2532 -2972
1 2665 -3132
1 2777 -3260
1 2902 -3399
1 3189 -3695
1 3323 -3825
1 3447 -3943
1 3863 -4318
1 3921 -4367
1 3980 -4416
1 4067 -4487
1 4214 -4600
1 4400 -4731
1 4491 -4789
1 4594 -4850
1 4709 -4911
1 4744 -4927
1 4775 -4938
1 2492 -2923
1 3227 -3732
1 3294 -3797
1 3478 -3972
1 3815 -4277
1 4363 -4706
