1 1213 -1279
1 3134 -3159
1 2059 -2357
1 1497 -1748
1 2706 -2906
1 1294 -1458
1 1750 -2042
1 2405 -2663
1 3036 -3124
1 1230 -1341
1 1401 -1619
1 1623 -1900
1 1884 -2183
1 2235 -2517
1 2553 -2786
1 2820 -2985
1 3086 -3150
1 1221 -1316
1 1256 -1393
1 1351 -1546
1 1452 -1690
1 1555 -1820
1 1661 -1944
1 1836 -2134
1 2001 -2300
1 2116 -2410
1 2351 -2617
1 2503 -2745
1 2665 -2875
1 2744 -2934
1 2920 -3050
1 3057 -3136
1 3096 -3153
1 1218 -1304
1 1226 -1331
1 1248 -1378
1 1275 -1426
1 1308 -1480
1 1370 -1574
1 1420 -1646
1 1461 -1702
1 1538 -1799
1 1581 -1851
1 1648 -1929
1 1696 -1983
1 1800 -2096
1 2093 -2389
1 2179 -2467
1 2286 -2561
1 2418 -2674
1 2637 -2853
1 2694 -2897
1 2796 -2969
1 2889 -3030
1 2995 -3098
1 3077 -3146
1 3108 -3155
1 1336 -1523
1 1433 -1664
1 1762 -2055
1 2077 -2374
1 2479 -2725
1 2583 -2810
1 2948 -3068
