1 2793 -6020
1 6845 -10040
1 4057 -8690
1 3192 -7465
1 5406 -9652
1 2917 -6711
1 3585 -8138
1 4736 -9251
1 6081 -9909
1 2829 -6319
1 3050 -7119
1 3428 -7903
1 3794 -8403
1 4387 -8984
1 5040 -9456
1 5779 -9810
1 6524 -10009
1 2802 -6143
1 2848 -6418
1 2990 -6948
1 3119 -7298
1 3327 -7723
1 3507 -8026
1 3670 -8250
1 3959 -8591
1 4192 -8817
1 4508 -9081
1 4961 -9406
1 5263 -9580
1 5608 -9741
1 5902 -9856
1 6262 -9954
1 6735 -10033
1 2794 -6047
1 2815 -6237
1 2841 -6385
1 2882 -6569
1 2955 -6839
1 2998 -6972
1 3080 -7199
1 3161 -7395
1 3231 -7542
1 3392 -7840
1 3450 -7940
1 3542 -8077
1 3623 -8189
1 3723 -8317
1 3848 -8466
1 3986 -8619
1 4125 -8755
1 4282 -8895
1 4427 -9017
1 4623 -9168
1 4838 -9322
1 4997 -9429
1 5134 -9510
1 5299 -9599
1 5486 -9689
1 5674 -9768
1 5885 -9850
1 5970 -9877
1 6184 -9936
1 6432 -9991
1 6663 -10026
1 6810 -10038
1 2798 -6101
1 2810 -6203
1 2845 -6404
1 2866 -6498
1 2899 -6639
1 2936 -6777
1 2962 -6861
1 3024 -7046
1 3065 -7160
1 3106 -7266
1 3141 -7349
1 3203 -7488
1 3291 -7656
1 3441 -7925
1 3461 -7957
1 3704 -8293
1 3775 -8380
1 3895 -8519
1 4084 -8716
1 4158 -8786
1 4219 -8841
1 4328 -8934
1 4457 -9041
1 4574 -9131
1 4654 -9191
1 4766 -9272
1 4908 -9370
1 5099 -9490
1 5224 -9559
1 5280 -9589
1 5345 -9622
1 5451 -9673
1 5507 -9698
1 5756 -9801
1 5845 -9835
1 5930 -9865
1 6070 -9906
1 6160 -9930
1 6307 -9964
1 6491 -10003
1 6545 -10012
1 6748 -10034
1 2931 -6760
1 2980 -6917
1 4171 -8798
1 4714 -9235
1 5145 -9516
1 5561 -9721
1 6032 -9895
1 6376 -9979
