1 2110 -2256
1 4952 -5013
1 3193 -3746
1 2361 -2787
1 4007 -4460
1 2211 -2535
1 2786 -3326
1 3677 -4193
1 4587 -4848
1 2141 -2375
1 2294 -2690
1 2591 -3085
1 3010 -3565
1 3422 -3964
1 3836 -4329
1 4320 -4678
1 4828 -4975
1 2120 -2305
1 2179 -2465
1 2245 -2603
1 2312 -2719
1 2452 -2906
1 2719 -3246
1 2909 -3459
1 3103 -3658
1 3343 -3890
1 3546 -4077
1 3773 -4276
1 3935 -4406
1 4126 -4545
1 4460 -4769
1 4699 -4911
1 4876 -4996
1 2113 -2277
1 2131 -2343
1 2170 -2444
1 2197 -2505
1 2273 -2654
1 2375 -2806
1 2538 -3017
1 2682 -3200
1 2759 -3294
1 2817 -3360
1 2966 -3519
1 3154 -3708
1 3276 -3826
1 3394 -3938
1 3482 -4019
1 3627 -4149
1 3745 -4252
1 3792 -4292
1 3896 -4376
1 3964 -4428
1 4085 -4516
1 4252 -4632
1 4387 -4722
1 4517 -4805
1 4644 -4881
1 4757 -4941
1 4929 -5009
1 2111 -2267
1 2162 -2425
1 2203 -2518
1 2369 -2798
1 2415 -2858
1 2500 -2968
1 2566 -3053
1 2640 -3147
1 2854 -3400
1 3221 -3773
1 3301 -3850
1 3493 -4029
1 3592 -4118
1 3715 -4226
1 3855 -4344
1 3980 -4440
1 4039 -4483
1 4188 -4588
1 4271 -4645
1 4364 -4707
1 4432 -4751
1 4493 -4790
1 4559 -4831
1 4599 -4855
1 4682 -4902
1 4718 -4921
1 4798 -4961
1 4894 -5001
1 2881 -3429
1 4175 -4579
1 4660 -4890
1 4815 -4969
