1 2939 -3112
1 7022 -7168
1 4812 -5602
1 3488 -4130
1 6158 -6729
1 3140 -3605
1 4090 -4857
1 5474 -6209
1 6688 -7050
1 2975 -3261
1 3281 -3837
1 3781 -4502
1 4418 -5205
1 5105 -5884
1 5806 -6471
1 6424 -6902
1 6910 -7144
1 2952 -3192
1 3064 -3458
1 3202 -3710
1 3333 -3914
1 3627 -4310
1 3880 -4620
1 4272 -5053
1 4554 -5344
1 4948 -5735
1 5295 -6056
1 5590 -6303
1 5916 -6554
1 6296 -6821
1 6519 -6958
1 6802 -7104
1 6993 -7166
1 2942 -3145
1 2960 -3221
1 2998 -3314
1 3112 -3553
1 3157 -3635
1 3242 -3775
1 3307 -3876
1 3446 -4073
1 3552 -4214
1 3720 -4427
1 3820 -4549
1 3983 -4737
1 4183 -4958
1 4329 -5113
1 4452 -5240
1 4872 -5661
1 5077 -5858
1 5220 -5989
1 5356 -6109
1 5515 -6243
1 5693 -6384
1 5868 -6518
1 6045 -6648
1 6212 -6766
1 6384 -6877
1 6498 -6946
1 6578 -6991
1 6758 -7084
1 6830 -7115
1 6939 -7153
1 7000 -7167
1 2947 -3170
1 2955 -3204
1 2973 -3256
1 2981 -3275
1 3045 -3417
1 3086 -3502
1 3274 -3826
1 3406 -4017
1 3467 -4102
1 3513 -4163
1 3605 -4282
1 3676 -4372
1 3753 -4468
1 3852 -4587
1 3937 -4685
1 4064 -4828
1 4121 -4891
1 4196 -4972
1 4358 -5143
1 4501 -5290
1 4915 -5703
1 5018 -5802
1 5092 -5872
1 5186 -5958
1 5261 -6026
1 5303 -6063
1 5417 -6161
1 5571 -6288
1 5637 -6340
1 5764 -6439
1 5831 -6490
1 5998 -6614
1 6123 -6704
1 6188 -6750
1 6273 -6806
1 6332 -6844
1 6449 -6917
1 6661 -7036
1 6733 -7072
1 6784 -7096
1 6812 -7108
1 6868 -7129
1 6971 -7161
1 2959 -3218
1 2967 -3240
1 3018 -3358
1 3384 -3986
1 3580 -4250
1 3653 -4343
1 3874 -4613
1 3887 -4628
1 3952 -4702
1 4015 -4773
1 4158 -4931
1 4241 -5020
1 4995 -5780
1 5140 -5916
1 5430 -6172
1 5541 -6264
1 5742 -6422
1 6077 -6671
1 6175 -6741
1 6624 -7016
1 6696 -7054
1 6795 -7101
1 3034 -3393
1 5449 -6188
