1 2969 -3061
1 7045 -7233
1 4622 -5417
1 3473 -4056
1 6187 -6785
1 3141 -3507
1 3958 -4684
1 5458 -6199
1 6671 -7098
1 2999 -3199
1 3292 -3777
1 3675 -4329
1 4265 -5034
1 4986 -5774
1 5913 -6576
1 6457 -6970
1 6870 -7188
1 2979 -3139
1 3035 -3287
1 3206 -3629
1 3389 -3931
1 3564 -4182
1 3842 -4541
1 4035 -4775
1 4461 -5248
1 4782 -5578
1 5123 -5901
1 5631 -6346
1 5980 -6629
1 6316 -6877
1 6591 -7053
1 6773 -7148
1 6959 -7216
1 2972 -3098
1 2982 -3150
1 3012 -3232
1 3083 -3388
1 3179 -3579
1 3240 -3689
1 3354 -3877
1 3437 -4003
1 3505 -4101
1 3642 -4286
1 3754 -4430
1 3882 -4591
1 4029 -4768
1 4187 -4947
1 4424 -5208
1 4558 -5351
1 4678 -5474
1 4881 -5674
1 5073 -5855
1 5222 -5990
1 5516 -6249
1 5765 -6456
1 5943 -6600
1 6099 -6719
1 6269 -6844
1 6356 -6904
1 6534 -7018
1 6635 -7078
1 6731 -7128
1 6793 -7157
1 6924 -7207
1 7000 -7225
1 2971 -3089
1 2974 -3112
1 3006 -3217
1 3019 -3249
1 3061 -3342
1 3131 -3487
1 3228 -3668
1 3277 -3752
1 3337 -3850
1 3500 -4094
1 3526 -4130
1 3665 -4316
1 3700 -4361
1 3803 -4492
1 3934 -4655
1 4007 -4742
1 4087 -4834
1 4327 -5102
1 4435 -5220
1 4504 -5294
1 4586 -5380
1 4828 -5623
1 4949 -5739
1 5045 -5829
1 5193 -5964
1 5365 -6117
1 5488 -6225
1 5574 -6298
1 5727 -6425
1 5882 -6551
1 6038 -6673
1 6213 -6804
1 6344 -6896
1 6397 -6931
1 6505 -7000
1 6758 -7141
1 6832 -7173
1 6912 -7203
1 6990 -7223
1 7022 -7229
1 2970 -3076
1 3114 -3452
1 3257 -3718
1 3316 -3816
1 3553 -4167
1 3943 -4666
1 4148 -4903
1 4359 -5137
1 4521 -5312
1 4855 -5649
1 4927 -5718
1 5330 -6086
1 5426 -6171
1 5625 -6341
1 5699 -6402
1 5829 -6508
1 6440 -6959
1 6852 -7181
1 6981 -7221
1 3098 -3419
1 4125 -4877
