1 3050 -5975
1 7056 -9721
1 4410 -8549
1 3476 -7405
1 5675 -9403
1 3215 -6758
1 3720 -7791
1 5126 -9100
1 6309 -9616
1 3112 -6368
1 3347 -7138
1 3585 -7600
1 4066 -8192
1 4665 -8764
1 5351 -9239
1 6037 -9534
1 6615 -9675
1 3068 -6137
1 3143 -6506
1 3270 -6930
1 3428 -7309
1 3540 -7525
1 3655 -7703
1 3866 -7966
1 4298 -8439
1 4537 -8662
1 4899 -8940
1 5202 -9150
1 5543 -9340
1 5842 -9466
1 6164 -9575
1 6408 -9637
1 6863 -9705
1 3055 -6048
1 3090 -6258
1 3130 -6451
1 3241 -6844
1 3311 -7045
1 3380 -7209
1 3510 -7469
1 3630 -7667
1 3705 -7772
1 3813 -7903
1 3966 -8081
1 4186 -8321
1 4366 -8507
1 4481 -8613
1 4597 -8711
1 4743 -8824
1 5043 -9043
1 5177 -9134
1 5283 -9199
1 5423 -9278
1 5614 -9375
1 5730 -9425
1 5981 -9515
1 6132 -9565
1 6248 -9600
1 6354 -9626
1 6516 -9657
1 6778 -9696
1 6980 -9716
1 3052 -6021
1 3058 -6072
1 3076 -6183
1 3099 -6304
1 3119 -6401
1 3151 -6536
1 3190 -6674
1 3250 -6871
1 3294 -6998
1 3331 -7098
1 3359 -7164
1 3400 -7251
1 3648 -7693
1 3660 -7710
1 3773 -7855
1 3839 -7934
1 3943 -8055
1 4019 -8140
1 4142 -8274
1 4252 -8391
1 4394 -8534
1 4422 -8560
1 4567 -8687
1 4634 -8740
1 4830 -8889
1 4975 -8995
1 5076 -9066
1 5194 -9145
1 5258 -9184
1 5330 -9227
1 5486 -9311
1 5583 -9360
1 5666 -9399
1 5682 -9406
1 5820 -9458
1 5921 -9494
1 6043 -9536
1 6263 -9604
1 6388 -9633
1 6451 -9645
1 6689 -9685
1 6787 -9697
1 6915 -9710
1 7007 -9718
1 3108 -6349
1 3171 -6609
1 3177 -6630
1 3277 -6950
1 3898 -8003
1 4129 -8260
1 4234 -8372
1 4611 -8722
1 4763 -8839
1 4928 -8961
1 5063 -9057
1 5873 -9477
1 6305 -9615
1 6674 -9683
1 6705 -9687
1 7023 -9719
1 4091 -8219
