1 1082 -1225
1 2845 -2866
1 1854 -2187
1 1283 -1563
1 2450 -2657
1 1170 -1407
1 1527 -1855
1 2196 -2472
1 2712 -2818
1 1089 -1254
1 1220 -1483
1 1387 -1691
1 1631 -1967
1 1958 -2279
1 2327 -2571
1 2595 -2751
1 2773 -2848
1 1127 -1330
1 1197 -1450
1 1260 -1534
1 1342 -1636
1 1488 -1810
1 1596 -1930
1 1759 -2095
1 1918 -2245
1 2053 -2357
1 2245 -2510
1 2386 -2613
1 2535 -2713
1 2666 -2793
1 2766 -2845
1 2806 -2857
1 1138 -1350
1 1179 -1422
1 1210 -1469
1 1426 -1737
1 1800 -2135
1 1882 -2213
1 2000 -2314
1 2151 -2436
1 2308 -2557
1 2352 -2589
1 2472 -2672
1 2626 -2770
1 2682 -2802
1 2794 -2854
1 1830 -2164
1 2110 -2403
1 2249 -2513
