1 2476 -4743
1 5943 -8152
1 3343 -6957
1 2669 -5884
1 4614 -7855
1 2535 -5391
1 2981 -6489
1 3968 -7473
1 5254 -8074
1 2496 -5091
1 2582 -5615
1 2787 -6159
1 3161 -6756
1 3592 -7182
1 4283 -7684
1 4887 -7965
1 5653 -8137
1 2485 -4935
1 2511 -5225
1 2552 -5484
1 2624 -5764
1 2725 -6024
1 2883 -6330
1 3067 -6623
1 3250 -6864
1 3456 -7065
1 3740 -7302
1 4207 -7638
1 4368 -7732
1 4736 -7907
1 5155 -8050
1 5455 -8111
1 5780 -8147
1 2479 -4819
1 2489 -5002
1 2502 -5148
1 2527 -5341
1 2547 -5460
1 2569 -5562
1 2619 -5748
1 2635 -5797
1 2695 -5950
1 2754 -6090
1 2802 -6188
1 2916 -6385
1 3021 -6552
1 3125 -6707
1 3190 -6793
1 3397 -7009
1 3511 -7114
1 3670 -7246
1 3863 -7396
1 4121 -7580
1 4219 -7646
1 4322 -7707
1 4664 -7877
1 4812 -7937
1 5025 -8010
1 5186 -8058
1 5331 -8090
1 5543 -8123
1 5736 -8144
1 5851 -8150
1 2482 -4880
1 2492 -5044
1 2519 -5284
1 2532 -5373
1 2541 -5426
1 2562 -5530
1 2578 -5600
1 2602 -5687
1 2651 -5838
1 2715 -6000
1 2743 -6065
1 2831 -6239
1 2939 -6422
1 3057 -6608
1 3098 -6668
1 3155 -6748
1 3175 -6774
1 3234 -6846
1 3371 -6984
1 3437 -7047
1 3475 -7082
1 3531 -7131
1 3716 -7283
1 3822 -7365
1 3912 -7432
1 4066 -7542
1 4152 -7601
1 4492 -7795
1 4540 -7819
1 4697 -7891
1 4873 -7960
1 4923 -7977
1 5085 -8029
1 5182 -8057
1 5302 -8084
1 5400 -8102
1 5475 -8114
1 5612 -8132
1 5700 -8141
1 5763 -8146
1 5885 -8151
1 2545 -5449
1 3805 -7352
1 4046 -7528
1 4425 -7761
1 4963 -7990
1 5436 -8108
1 5490 -8116
1 3985 -7485
