Grid graph
 169 nodes
 312 arcs
 1 2 24 -44
 1 14 63 -40
 2 3 59 -34
 2 15 46 -56
 3 4 3 -12
 3 16 8 -7
 4 5 43 -34
 4 17 12 -19
 5 6 37 -33
 5 18 49 -54
 6 7 9 -12
 6 19 41 -11
 7 8 9 -19
 7 20 17 -17
 8 9 20 -30
 8 21 19 -10
 9 10 33 -61
 9 22 0 -3
 10 11 2 -18
 10 23 60 -11
 11 12 10 -40
 11 24 25 -17
 12 13 46 -59
 12 25 36 -21
 13 26 66 -38
 14 15 76 -53
 14 27 1 -1
 15 16 36 -15
 15 28 13 -51
 16 17 62 -12
 16 29 54 -22
 17 18 19 -12
 17 30 39 -31
 18 19 39 -41
 18 31 29 -32
 19 20 77 -45
 19 32 51 -24
 20 21 7 -45
 20 33 18 -2
 21 22 21 -88
 21 34 33 -16
 22 23 31 -11
 22 35 25 -59
 23 24 13 -63
 23 36 21 -70
 24 25 51 -41
 24 37 20 -3
 25 26 27 -68
 25 38 0 -1
 26 39 9 -38
 27 28 23 -11
 27 40 4 -21
 28 29 21 -89
 28 41 22 -76
 29 30 10 -11
 29 42 48 -77
 30 31 41 -24
 30 43 37 -30
 31 32 4 -50
 31 44 44 -62
 32 33 42 -14
 32 45 34 -9
 33 34 52 -32
 33 46 10 -37
 34 35 9 -41
 34 47 4 -10
 35 36 22 -17
 35 48 40 -32
 36 37 38 -11
 36 49 7 -19
 37 38 39 -26
 37 50 24 -27
 38 39 56 -21
 38 51 92 -23
 39 52 37 -83
 40 41 57 -43
 40 53 24 -37
 41 42 6 -37
 41 54 17 -62
 42 43 8 -39
 42 55 2 0
 43 44 28 -5
 43 56 18 -24
 44 45 16 -40
 44 57 7 -9
 45 46 45 -88
 45 58 65 -28
 46 47 40 -12
 46 59 12 -75
 47 48 68 -15
 47 60 83 -7
 48 49 35 -43
 48 61 65 -26
 49 50 32 -12
 49 62 21 -30
 50 51 26 -14
 50 63 31 -13
 51 52 3 -19
 51 64 1 -17
 52 65 69 -49
 53 54 23 -13
 53 66 20 -34
 54 55 46 -84
 54 67 3 -9
 55 56 59 -67
 55 68 72 -20
 56 57 6 -13
 56 69 73 -66
 57 58 14 -39
 57 70 19 -56
 58 59 35 -12
 58 71 42 -57
 59 60 8 -7
 59 72 18 -3
 60 61 19 -17
 60 73 30 -65
 61 62 74 -10
 61 74 84 -47
 62 63 66 -22
 62 75 5 -9
 63 64 4 -14
 63 76 24 -94
 64 65 14 -68
 64 77 5 -7
 65 78 11 -37
 66 67 33 -34
 66 79 41 -13
 67 68 78 -57
 67 80 37 -38
 68 69 36 -37
 68 81 43 -47
 69 70 18 -58
 69 82 55 -51
 70 71 61 -53
 70 83 7 -23
 71 72 63 -62
 71 84 47 -66
 72 73 67 -27
 72 85 6 -67
 73 74 3 -11
 73 86 84 -40
 74 75 74 -21
 74 87 85 -32
 75 76 41 -75
 75 88 99 -8
 76 77 29 -69
 76 89 8 -75
 77 78 49 -32
 77 90 82 -11
 78 91 3 -2
 79 80 4 -33
 79 92 59 -33
 80 81 21 -88
 80 93 18 -4
 81 82 22 -57
 81 94 33 -15
 82 83 75 -34
 82 95 14 -4
 83 84 47 -4
 83 96 1 -15
 84 85 20 -4
 84 97 9 -16
 85 86 4 -16
 85 98 28 -19
 86 87 42 -21
 86 99 1 -12
 87 88 34 -19
 87 100 20 -25
 88 89 17 -3
 88 101 11 -44
 89 90 6 -11
 89 102 46 -79
 90 91 24 -10
 90 103 24 -32
 91 104 73 -36
 92 93 91 -16
 92 105 83 -24
 93 94 10 -91
 93 106 5 -2
 94 95 2 -1
 94 107 36 -78
 95 96 18 -3
 95 108 49 -61
 96 97 43 -13
 96 109 48 -60
 97 98 67 -17
 97 110 31 -16
 98 99 34 -23
 98 111 7 -3
 99 100 23 -54
 99 112 30 -47
 100 101 4 -3
 100 113 1 -9
 101 102 32 -14
 101 114 22 -60
 102 103 40 -13
 102 115 29 -19
 103 104 1 -3
 103 116 34 -10
 104 117 11 -22
 105 106 41 -13
 105 118 84 -13
 106 107 1 -1
 106 119 3 -1
 107 108 39 -63
 107 120 47 -14
 108 109 12 -6
 108 121 54 -71
 109 110 12 -58
 109 122 30 -39
 110 111 17 -67
 110 123 19 -23
 111 112 71 -33
 111 124 18 -43
 112 113 16 -15
 112 125 79 -27
 113 114 65 -46
 113 126 22 -63
 114 115 6 -72
 114 127 85 -23
 115 116 79 -27
 115 128 55 -54
 116 117 49 -51
 116 129 44 -37
 117 130 52 -40
 118 119 0 0
 118 131 47 -65
 119 120 4 -1
 119 132 2 0
 120 121 26 -38
 120 133 0 -1
 121 122 64 -5
 121 134 18 -23
 122 123 36 -62
 122 135 28 -77
 123 124 38 -4
 123 136 60 -65
 124 125 39 -16
 124 137 55 -47
 125 126 1 -2
 125 138 31 -18
 126 127 9 -8
 126 139 14 -27
 127 128 34 -27
 127 140 17 -47
 128 129 3 -7
 128 141 44 -31
 129 130 15 -44
 129 142 28 -82
 130 143 54 -43
 131 132 7 -68
 131 144 17 -50
 132 133 18 -57
 132 145 39 -90
 133 134 41 -25
 133 146 24 -44
 134 135 15 -3
 134 147 4 -49
 135 136 0 -1
 135 148 68 -63
 136 137 4 -2
 136 149 83 -19
 137 138 74 -33
 137 150 0 -2
 138 139 21 -13
 138 151 15 -94
 139 140 37 -51
 139 152 71 -6
 140 141 40 -11
 140 153 28 -31
 141 142 73 -64
 141 154 24 -37
 142 143 36 -52
 142 155 42 -8
 143 156 37 -62
 144 145 62 -20
 144 157 17 -12
 145 146 32 -14
 145 158 5 -54
 146 147 10 -20
 146 159 84 -34
 147 148 39 -25
 147 160 15 -3
 148 149 19 -71
 148 161 17 -11
 149 150 91 -11
 149 162 8 -36
 150 151 4 -2
 150 163 6 -35
 151 152 47 -76
 151 164 67 -26
 152 153 1 -1
 152 165 1 -10
 153 154 48 -46
 153 166 29 -24
 154 155 53 -41
 154 167 32 -15
 155 156 16 -29
 155 168 28 -19
 156 169 75 -21
 157 158 2 -3
 158 159 24 -61
 159 160 63 -26
 160 161 48 -9
 161 162 7 -25
 162 163 58 -33
 163 164 23 -70
 164 165 64 -65
 165 166 38 -40
 166 167 61 -65
 167 168 45 -13
 168 169 65 -69
