1 3620 -3723
1 9626 -9622
1 6191 -7223
1 4537 -5336
1 7920 -8639
1 3878 -4344
1 5275 -6261
1 7015 -7957
1 9104 -9399
1 3672 -3934
1 4196 -4854
1 5024 -5965
1 5620 -6641
1 6534 -7550
1 7404 -8261
1 8508 -9035
1 9457 -9573
1 3635 -3829
1 3749 -4107
1 4029 -4596
1 4314 -5028
1 4704 -5558
1 5146 -6112
1 5506 -6519
1 5982 -7015
1 6385 -7411
1 6769 -7752
1 7176 -8087
1 7671 -8460
1 8214 -8841
1 8875 -9263
1 9274 -9489
1 9542 -9607
1 3623 -3765
1 3645 -3865
1 3723 -4053
1 3829 -4256
1 3919 -4414
1 4106 -4716
1 4224 -4896
1 4431 -5191
1 4622 -5451
1 4890 -5796
1 5078 -6031
1 5177 -6148
1 5360 -6357
1 5586 -6605
1 5836 -6865
1 6130 -7163
1 6280 -7310
1 6449 -7471
1 6616 -7622
1 6899 -7861
1 7053 -7988
1 7313 -8192
1 7548 -8369
1 7828 -8574
1 8082 -8751
1 8335 -8922
1 8670 -9137
1 8961 -9315
1 9223 -9463
1 9396 -9546
1 9588 -9618
1 3621 -3741
1 3627 -3790
1 3636 -3833
1 3652 -3884
1 3705 -4012
1 3790 -4184
1 3865 -4321
1 3896 -4375
1 3987 -4527
1 4046 -4623
1 4141 -4770
1 4262 -4952
1 4387 -5130
1 4496 -5280
1 4601 -5423
1 4657 -5497
1 4774 -5648
1 4928 -5844
1 5041 -5986
1 5114 -6074
1 5152 -6119
1 5216 -6193
1 5312 -6303
1 5457 -6465
1 5544 -6560
1 5693 -6717
1 5903 -6934
1 6247 -7278
1 6363 -7390
1 6419 -7443
1 6478 -7498
1 6560 -7573
1 6664 -7663
1 6807 -7784
1 6929 -7886
1 7026 -7966
1 7151 -8067
1 7224 -8124
1 7363 -8230
1 7606 -8412
1 7767 -8530
1 7873 -8606
1 7982 -8682
1 8174 -8814
1 8269 -8878
1 8411 -8972
1 8573 -9076
1 8808 -9222
1 8936 -9300
1 9049 -9367
1 9163 -9431
1 9248 -9476
1 9355 -9527
1 9434 -9563
1 9491 -9587
1 9526 -9601
1 9557 -9611
1 9605 -9621
1 3622 -3754
1 3632 -3816
1 3687 -3970
1 3775 -4156
1 3810 -4221
1 3845 -4285
1 3958 -4479
1 4010 -4565
1 4064 -4651
1 4173 -4819
1 4290 -4993
1 4344 -5070
1 4405 -5155
1 4458 -5228
1 4562 -5370
1 4687 -5536
1 4749 -5616
1 4846 -5740
1 4974 -5902
1 5032 -5975
1 5404 -6406
1 5668 -6691
1 5778 -6805
1 5867 -6897
1 5942 -6974
1 6336 -7364
1 6403 -7428
1 6601 -7609
1 6623 -7628
1 6710 -7702
1 6844 -7815
1 6975 -7924
1 7110 -8034
1 7241 -8137
1 7579 -8392
1 7629 -8429
1 7712 -8490
1 7785 -8543
1 7849 -8589
1 7900 -8625
1 7943 -8655
1 8037 -8720
1 8136 -8788
1 8480 -9017
1 8627 -9110
1 8730 -9174
1 8857 -9252
1 9010 -9344
1 9113 -9404
1 9206 -9454
1 9323 -9512
1 9370 -9534
1 9416 -9555
1 9578 -9616
1 5721 -6746
1 9137 -9417
