1 1893 -1965
1 4789 -4756
1 3003 -3495
1 2260 -2638
1 3880 -4218
1 2005 -2248
1 2584 -3052
1 3453 -3896
1 4439 -4579
1 1933 -2108
1 2101 -2404
1 2453 -2898
1 2803 -3294
1 3247 -3720
1 3724 -4106
1 4125 -4386
1 4669 -4707
1 1918 -2060
1 1958 -2158
1 2028 -2288
1 2200 -2553
1 2347 -2757
1 2518 -2975
1 2690 -3172
1 2894 -3388
1 3089 -3577
1 3365 -3823
1 3597 -4009
1 3767 -4138
1 3983 -4290
1 4289 -4489
1 4543 -4639
1 4737 -4738
1 1902 -2001
1 1925 -2084
1 1937 -2117
1 1995 -2229
1 2018 -2271
1 2086 -2381
1 2136 -2457
1 2228 -2593
1 2305 -2700
1 2406 -2836
1 2462 -2909
1 2559 -3023
1 2631 -3106
1 2758 -3246
1 2831 -3323
1 2928 -3422
1 3030 -3521
1 3191 -3670
1 3316 -3781
1 3418 -3867
1 3515 -3945
1 3687 -4078
1 3752 -4127
1 3822 -4177
1 3927 -4251
1 4064 -4345
1 4175 -4418
1 4380 -4544
1 4478 -4602
1 4590 -4665
1 4693 -4719
1 4776 -4753
1 1896 -1978
1 1909 -2027
1 1922 -2074
1 1971 -2183
1 2025 -2283
1 2061 -2341
1 2216 -2576
1 2373 -2792
1 2443 -2885
1 2617 -3090
1 2639 -3115
1 2734 -3220
1 2787 -3277
1 2862 -3355
1 2966 -3459
1 3158 -3640
1 3265 -3736
1 3473 -3912
1 3538 -3963
1 3653 -4052
1 3960 -4274
1 4036 -4326
1 4113 -4378
1 4239 -4458
1 4322 -4509
1 4520 -4626
1 4561 -4649
1 4642 -4693
1 4702 -4723
1 4755 -4745
1 3101 -3588
1 3588 -4002
