1 1252 -1945
1 2839 -3144
1 1792 -2781
1 1434 -2437
1 2301 -3050
1 1280 -2144
1 1609 -2633
1 2092 -2964
1 2514 -3105
1 1261 -2030
1 1329 -2257
1 1495 -2520
1 1730 -2734
1 1895 -2853
1 2206 -3016
1 2410 -3083
1 2658 -3127
1 1253 -1969
1 1268 -2079
1 1301 -2197
1 1401 -2385
1 1480 -2501
1 1534 -2560
1 1641 -2661
1 1841 -2818
1 2017 -2924
1 2150 -2991
1 2235 -3027
1 2359 -3069
1 2438 -3089
1 2594 -3118
1 2746 -3136
1 1288 -2165
1 1345 -2287
1 1448 -2457
1 1533 -2559
1 1583 -2608
1 1664 -2680
1 1958 -2890
1 2544 -3110
1 2628 -3123
1 2757 -3137
