1 3065 -6131
1 7877 -10864
1 4499 -9296
1 3437 -7792
1 6243 -10431
1 3173 -6974
1 3845 -8519
1 5285 -9909
1 7126 -10750
1 3094 -6512
1 3275 -7372
1 3587 -8087
1 4135 -8894
1 4950 -9680
1 5742 -10181
1 6737 -10633
1 7600 -10843
1 3074 -6325
1 3144 -6832
1 3232 -7218
1 3324 -7520
1 3517 -7959
1 3730 -8335
1 4009 -8738
1 4356 -9147
1 4700 -9480
1 5064 -9762
1 5490 -10036
1 6025 -10327
1 6513 -10550
1 6877 -10681
1 7334 -10795
1 7674 -10853
1 3066 -6191
1 3084 -6428
1 3120 -6687
1 3158 -6903
1 3195 -7067
1 3251 -7292
1 3297 -7440
1 3382 -7667
1 3468 -7859
1 3548 -8017
1 3662 -8219
1 3780 -8417
1 3907 -8604
1 4056 -8797
1 4238 -9015
1 4406 -9202
1 4581 -9373
1 4754 -9525
1 5001 -9717
1 5153 -9822
1 5349 -9950
1 5652 -10131
1 5853 -10240
1 6122 -10374
1 6422 -10512
1 6570 -10572
1 6835 -10667
1 6976 -10710
1 7142 -10754
1 7498 -10826
1 7647 -10850
1 7768 -10860
1 3071 -6279
1 3079 -6377
1 3086 -6446
1 3104 -6582
1 3130 -6749
1 3183 -7017
1 3218 -7162
1 3270 -7356
1 3298 -7443
1 3350 -7587
1 3419 -7752
1 3447 -7814
1 3491 -7906
1 3568 -8053
1 3643 -8186
1 3680 -8250
1 3767 -8396
1 3831 -8498
1 3865 -8547
1 3937 -8644
1 4036 -8772
1 4107 -8860
1 4151 -8913
1 4312 -9098
1 4440 -9237
1 4539 -9334
1 4662 -9446
1 4861 -9610
1 4972 -9696
1 5095 -9783
1 5227 -9871
1 5327 -9936
1 5401 -9982
1 5607 -10105
1 5677 -10145
1 5824 -10225
1 5933 -10281
1 6076 -10352
1 6185 -10404
1 6282 -10449
1 6443 -10521
1 6518 -10552
1 6693 -10617
1 6783 -10649
1 6945 -10701
1 7062 -10733
1 7249 -10777
1 7428 -10813
1 7562 -10837
1 7754 -10859
1 7842 -10863
1 3070 -6262
1 3076 -6346
1 3111 -6628
1 3136 -6785
1 3373 -7645
1 3388 -7681
1 3516 -7957
1 3618 -8142
1 3673 -8238
1 3807 -8460
1 3876 -8562
1 3979 -8699
1 4077 -8823
1 4197 -8967
1 4254 -9033
1 4652 -9437
1 4813 -9572
1 4899 -9640
1 5144 -9816
1 5262 -9894
1 5447 -10010
1 5539 -10065
1 5892 -10260
1 6344 -10477
1 7221 -10771
1 7324 -10793
1 7360 -10800
1 7817 -10862
1 3375 -7650
