1 1955 -4143
1 4828 -7030
1 2810 -5985
1 2220 -5141
1 3826 -6725
1 1997 -4508
1 2489 -5598
1 3326 -6418
1 4391 -6954
1 1972 -4376
1 2115 -4884
1 2298 -5293
1 2657 -5816
1 3048 -6203
1 3606 -6602
1 4041 -6824
1 4640 -7019
1 1957 -4237
1 1979 -4418
1 2053 -4702
1 2149 -4978
1 2243 -5189
1 2400 -5464
1 2582 -5723
1 2705 -5873
1 2939 -6109
1 3192 -6316
1 3499 -6534
1 3707 -6660
1 3923 -6772
1 4216 -6891
1 4561 -7002
1 4707 -7026
1 1965 -4315
1 1993 -4491
1 2028 -4621
1 2088 -4806
1 2131 -4929
1 2189 -5072
1 2240 -5183
1 2283 -5266
1 2357 -5393
1 2444 -5532
1 2550 -5681
1 2608 -5756
1 2683 -5847
1 2764 -5937
1 2870 -6044
1 2992 -6155
1 3083 -6231
1 3267 -6374
1 3371 -6449
1 3572 -6581
1 3652 -6629
1 3785 -6703
1 3862 -6743
1 4004 -6809
1 4099 -6847
1 4339 -6936
1 4487 -6982
1 4593 -7010
1 4695 -7025
1 4796 -7029
1 1962 -4287
1 1990 -4476
1 2012 -4563
1 2044 -4673
1 2072 -4759
1 2165 -5016
1 2331 -5349
1 2381 -5433
1 2416 -5489
1 2513 -5631
1 2638 -5793
1 2836 -6011
1 2894 -6067
1 2977 -6142
1 3115 -6256
1 3343 -6430
1 3425 -6485
1 3533 -6556
1 3593 -6594
1 3891 -6757
1 4165 -6872
1 4265 -6909
1 4434 -6967
1 4516 -6990
1 4619 -7015
1 2429 -5509
1 2625 -5777
1 3183 -6309
