1 3430 -7424
1 8064 -11866
1 5167 -10597
1 3920 -9006
1 6622 -11582
1 3579 -8222
1 4450 -9792
1 5879 -11168
1 7233 -11780
1 3474 -7813
1 3743 -8644
1 4093 -9292
1 4839 -10257
1 5506 -10886
1 6332 -11440
1 6933 -11703
1 7595 -11839
1 3439 -7583
1 3513 -7994
1 3653 -8423
1 3844 -8860
1 4025 -9187
1 4283 -9569
1 4643 -10031
1 4992 -10425
1 5291 -10709
1 5746 -11074
1 6073 -11291
1 6500 -11527
1 6711 -11619
1 7024 -11732
1 7451 -11820
1 7848 -11860
1 3431 -7481
1 3447 -7651
1 3498 -7931
1 3539 -8087
1 3625 -8350
1 3704 -8551
1 3779 -8723
1 3889 -8948
1 3963 -9083
1 4058 -9239
1 4239 -9506
1 4368 -9684
1 4538 -9903
1 4739 -10144
1 4866 -10287
1 5050 -10483
1 5247 -10671
1 5386 -10789
1 5661 -11009
1 5762 -11086
1 5969 -11227
1 6184 -11357
1 6406 -11480
1 6549 -11550
1 6667 -11601
1 6817 -11660
1 6995 -11723
1 7100 -11751
1 7383 -11808
1 7535 -11832
1 7771 -11855
1 7950 -11864
1 3434 -7521
1 3443 -7618
1 3460 -7732
1 3478 -7834
1 3524 -8034
1 3560 -8159
1 3605 -8295
1 3631 -8366
1 3670 -8466
1 3727 -8607
1 3765 -8693
1 3831 -8833
1 3873 -8917
1 3914 -8995
1 3951 -9062
1 4010 -9162
1 4091 -9289
1 4161 -9392
1 4257 -9532
1 4318 -9617
1 4383 -9704
1 4507 -9864
1 4585 -9961
1 4708 -10108
1 4777 -10187
1 4948 -10377
1 5103 -10535
1 5187 -10616
1 5318 -10732
1 5433 -10827
1 5594 -10956
1 5688 -11030
1 5830 -11134
1 5912 -11190
1 6007 -11251
1 6118 -11318
1 6198 -11365
1 6361 -11456
1 6648 -11593
1 6773 -11643
1 6915 -11697
1 7011 -11728
1 7180 -11769
1 7313 -11795
1 7405 -11812
1 7499 -11827
1 7560 -11835
1 7688 -11848
1 7888 -11862
1 8004 -11865
1 3488 -7883
1 3519 -8016
1 3548 -8118
1 3566 -8179
1 3750 -8660
1 3813 -8795
1 3936 -9035
1 3982 -9115
1 4116 -9326
1 4215 -9471
1 4304 -9598
1 4418 -9750
1 4576 -9950
1 4609 -9990
1 4670 -10063
1 4917 -10343
1 5142 -10573
1 5200 -10628
1 5343 -10753
1 5647 -10998
1 6298 -11421
1 6862 -11677
1 7153 -11763
1 7228 -11779
1 7759 -11854
1 7918 -11863
