Grid graph
 225 nodes
 420 arcs
 1 2 44 -38
 1 16 81 -48
 2 3 22 -24
 2 17 6 -30
 3 4 54 -37
 3 18 2 -14
 4 5 71 -12
 4 19 4 -9
 5 6 30 -31
 5 20 48 -27
 6 7 68 -26
 6 21 81 -7
 7 8 31 -70
 7 22 22 -53
 8 9 0 0
 8 23 42 -7
 9 10 23 -88
 9 24 9 -7
 10 11 52 -7
 10 25 4 -6
 11 12 62 -68
 11 26 12 -1
 12 13 12 -24
 12 27 12 -93
 13 14 47 -52
 13 28 23 -49
 14 15 44 -81
 14 29 0 0
 15 30 47 -49
 16 17 24 -11
 16 31 67 -20
 17 18 3 -37
 17 32 6 -4
 18 19 15 -21
 18 33 14 -42
 19 20 56 -21
 19 34 5 -59
 20 21 88 -32
 20 35 37 -78
 21 22 24 -52
 21 36 47 -58
 22 23 9 -13
 22 37 31 -2
 23 24 2 0
 23 38 17 -63
 24 25 0 0
 24 39 12 -84
 25 26 56 -78
 25 40 22 -6
 26 27 90 -27
 26 41 30 -26
 27 28 88 -43
 27 42 53 -29
 28 29 31 -21
 28 43 31 -6
 29 30 56 -12
 29 44 20 -19
 30 45 61 -68
 31 32 48 -40
 31 46 78 -26
 32 33 31 -17
 32 47 40 -89
 33 34 0 -1
 33 48 67 -16
 34 35 10 -37
 34 49 19 -48
 35 36 41 -62
 35 50 35 -5
 36 37 55 -76
 36 51 42 -38
 37 38 23 -87
 37 52 16 -27
 38 39 7 -22
 38 53 1 -2
 39 40 25 -5
 39 54 22 -3
 40 41 32 -74
 40 55 90 -28
 41 42 6 -40
 41 56 13 -10
 42 43 44 -49
 42 57 26 -4
 43 44 85 -30
 43 58 35 -74
 44 45 26 -61
 44 59 27 -15
 45 60 9 -12
 46 47 36 -74
 46 61 3 -1
 47 48 14 -25
 47 62 40 -11
 48 49 36 -87
 48 63 3 -16
 49 50 39 -15
 49 64 0 -2
 50 51 20 -4
 50 65 43 -38
 51 52 39 -15
 51 66 20 -47
 52 53 31 -80
 52 67 60 -58
 53 54 28 -23
 53 68 58 -46
 54 55 77 -19
 54 69 8 -58
 55 56 74 -33
 55 70 21 -13
 56 57 22 -78
 56 71 43 -15
 57 58 58 -79
 57 72 29 -27
 58 59 63 -32
 58 73 45 -32
 59 60 34 -31
 59 74 9 -31
 60 75 58 -66
 61 62 31 -12
 61 76 10 -58
 62 63 18 -43
 62 77 33 -40
 63 64 53 -44
 63 78 17 -58
 64 65 70 -56
 64 79 8 -35
 65 66 10 -41
 65 80 77 -16
 66 67 9 -26
 66 81 7 -6
 67 68 10 -37
 67 82 46 -34
 68 69 81 -39
 68 83 45 -34
 69 70 1 0
 69 84 57 -39
 70 71 27 -6
 70 85 12 -38
 71 72 53 -79
 71 86 62 -70
 72 73 35 -63
 72 87 13 -61
 73 74 10 -84
 73 88 41 -18
 74 75 38 -66
 74 89 25 -51
 75 90 35 -55
 76 77 76 -60
 76 91 31 -9
 77 78 27 -73
 77 92 38 -6
 78 79 54 -13
 78 93 17 -82
 79 80 44 -33
 79 94 1 -13
 80 81 12 -1
 80 95 28 -16
 81 82 41 -32
 81 96 9 -39
 82 83 40 -56
 82 97 37 -16
 83 84 15 -59
 83 98 29 -68
 84 85 10 -5
 84 99 61 -27
 85 86 55 -73
 85 100 62 -41
 86 87 19 -16
 86 101 0 0
 87 88 46 -24
 87 102 22 -70
 88 89 79 -22
 88 103 34 -23
 89 90 91 -11
 89 104 1 -14
 90 105 7 -55
 91 92 47 -43
 91 106 25 -83
 92 93 88 -24
 92 107 0 0
 93 94 71 -12
 93 108 32 -66
 94 95 12 -11
 94 109 52 -43
 95 96 58 -63
 95 110 11 -77
 96 97 65 -17
 96 111 24 -81
 97 98 58 -50
 97 112 14 -2
 98 99 75 -42
 98 113 33 -40
 99 100 2 -14
 99 114 58 -15
 100 101 64 -28
 100 115 28 -19
 101 102 47 -63
 101 116 52 -30
 102 103 2 -3
 102 117 15 -1
 103 104 39 -36
 103 118 10 -55
 104 105 13 -78
 104 119 87 -46
 105 120 16 -67
 106 107 80 -37
 106 121 20 -68
 107 108 3 -32
 107 122 2 -5
 108 109 1 -7
 108 123 53 -61
 109 110 72 -12
 109 124 2 0
 110 111 68 -24
 110 125 5 -52
 111 112 49 -6
 111 126 5 -2
 112 113 3 -1
 112 127 37 -20
 113 114 5 -3
 113 128 8 -11
 114 115 47 -7
 114 129 17 -5
 115 116 15 -3
 115 130 48 -12
 116 117 17 -29
 116 131 57 -31
 117 118 14 -31
 117 132 51 -44
 118 119 27 -56
 118 133 7 -9
 119 120 26 -32
 119 134 99 -9
 120 135 51 -36
 121 122 12 -89
 121 136 54 -13
 122 123 20 -48
 122 137 7 -41
 123 124 39 -53
 123 138 2 -11
 124 125 53 -38
 124 139 1 -6
 125 126 20 -15
 125 140 5 -31
 126 127 49 -50
 126 141 43 -50
 127 128 7 -19
 127 142 72 -57
 128 129 17 -66
 128 143 10 -24
 129 130 18 -15
 129 144 18 -74
 130 131 10 -91
 130 145 8 -4
 131 132 41 -39
 131 146 43 -50
 132 133 5 -21
 132 147 55 -20
 133 134 76 -27
 133 148 81 -12
 134 135 21 -35
 134 149 58 -36
 135 150 76 -57
 136 137 84 -14
 136 151 10 -16
 137 138 14 -32
 137 152 26 -73
 138 139 92 -12
 138 153 22 -40
 139 140 14 -58
 139 154 21 -60
 140 141 85 -43
 140 155 42 -17
 141 142 6 -17
 141 156 23 -20
 142 143 69 -18
 142 157 38 -53
 143 144 68 -68
 143 158 4 -3
 144 145 30 -56
 144 159 10 -9
 145 146 2 -3
 145 160 22 -50
 146 147 18 -78
 146 161 44 -21
 147 148 3 -14
 147 162 35 -56
 148 149 14 -12
 148 163 23 -65
 149 150 2 -2
 149 164 53 -50
 150 165 48 -6
 151 152 0 -2
 151 166 46 -27
 152 153 8 -74
 152 167 8 -64
 153 154 56 -79
 153 168 20 -94
 154 155 58 -17
 154 169 1 0
 155 156 44 -20
 155 170 32 -8
 156 157 8 -74
 156 171 87 -25
 157 158 21 -13
 157 172 49 -39
 158 159 23 -90
 158 173 57 -47
 159 160 15 -4
 159 174 83 -41
 160 161 87 -9
 160 175 0 0
 161 162 32 -43
 161 176 14 -5
 162 163 32 -73
 162 177 16 -97
 163 164 17 -2
 163 178 23 -13
 164 165 33 -37
 164 179 15 -25
 165 180 9 -18
 166 167 18 -8
 166 181 18 -12
 167 168 40 -38
 167 182 28 -45
 168 169 24 -8
 168 183 42 -51
 169 170 7 -41
 169 184 23 -19
 170 171 12 -5
 170 185 58 -71
 171 172 2 -3
 171 186 64 -34
 172 173 5 -4
 172 187 23 -41
 173 174 47 -16
 173 188 33 -9
 174 175 15 -30
 174 189 11 -77
 175 176 69 -37
 175 190 50 -34
 176 177 39 -48
 176 191 1 -5
 177 178 28 -20
 177 192 22 -88
 178 179 12 -83
 178 193 69 -40
 179 180 2 -1
 179 194 7 -20
 180 195 17 -14
 181 182 51 -11
 181 196 16 -25
 182 183 37 -24
 182 197 46 -16
 183 184 17 -96
 183 198 39 -37
 184 185 13 -5
 184 199 66 -27
 185 186 43 -13
 185 200 67 -45
 186 187 27 -63
 186 201 18 -57
 187 188 94 -22
 187 202 11 -58
 188 189 1 -13
 188 203 74 -11
 189 190 22 -68
 189 204 53 -67
 190 191 2 -7
 190 205 12 -58
 191 192 22 -94
 191 206 47 -76
 192 193 54 -13
 192 207 27 -40
 193 194 20 -38
 193 208 1 0
 194 195 33 -51
 194 209 54 -61
 195 210 7 -64
 196 197 13 -5
 196 211 7 -15
 197 198 61 -62
 197 212 39 -43
 198 199 14 -11
 198 213 11 -59
 199 200 21 -69
 199 214 24 -9
 200 201 54 -22
 200 215 32 -72
 201 202 33 -40
 201 216 23 -14
 202 203 94 -14
 202 217 48 -48
 203 204 10 -78
 203 218 26 -19
 204 205 20 -17
 204 219 57 -42
 205 206 24 -20
 205 220 12 -15
 206 207 46 -48
 206 221 19 -2
 207 208 56 -65
 207 222 50 -27
 208 209 78 -14
 208 223 34 -69
 209 210 66 -37
 209 224 54 -6
 210 225 27 -62
 211 212 29 -10
 212 213 1 -19
 213 214 53 -7
 214 215 50 -46
 215 216 39 -58
 216 217 9 -93
 217 218 21 -71
 218 219 29 -20
 219 220 6 -38
 220 221 65 -17
 221 222 19 -9
 222 223 6 -9
 223 224 85 -38
 224 225 44 -66
