1 1576 -2929
1 4430 -5415
1 2404 -4566
1 1846 -3847
1 3489 -5222
1 1644 -3314
1 2066 -4202
1 2926 -4942
1 4010 -5367
1 1605 -3150
1 1754 -3646
1 1974 -4068
1 2270 -4434
1 2645 -4754
1 3210 -5100
1 3689 -5295
1 4285 -5409
1 1581 -3003
1 1624 -3243
1 1708 -3520
1 1793 -3735
1 1903 -3951
1 2013 -4126
1 2117 -4266
1 2363 -4529
1 2460 -4614
1 2841 -4889
1 3053 -5017
1 3375 -5173
1 3552 -5247
1 3779 -5317
1 4081 -5380
1 4369 -5414
1 1577 -2955
1 1592 -3072
1 1614 -3200
1 1631 -3269
1 1683 -3442
1 1725 -3568
1 1777 -3699
1 1815 -3783
1 1876 -3903
1 1952 -4032
1 1986 -4086
1 2055 -4187
1 2104 -4250
1 2209 -4368
1 2305 -4471
1 2551 -4684
1 2721 -4807
1 2872 -4909
1 3037 -5008
1 3086 -5035
1 3227 -5108
1 3419 -5192
1 3504 -5228
1 3628 -5274
1 3723 -5304
1 3914 -5347
1 4058 -5376
1 4246 -5404
1 4332 -5412
1 1665 -3383
1 1738 -3603
1 1760 -3660
1 1830 -3814
1 1864 -3881
1 1929 -3994
1 2046 -4174
1 2152 -4305
1 2530 -4668
1 2626 -4740
1 2662 -4766
1 2775 -4844
1 2946 -4954
1 3143 -5065
1 3261 -5123
1 3566 -5252
1 3715 -5302
1 3846 -5332
1 3981 -5361
1 4163 -5392
1 4261 -5406
1 4299 -5410
1 4350 -5413
1 2469 -4621
1 3010 -4992
1 3208 -5099
1 3343 -5159
