1 923 -969
1 2255 -2363
1 1435 -1764
1 1056 -1276
1 1921 -2188
1 947 -1082
1 1285 -1586
1 1659 -1977
1 2138 -2330
1 928 -1022
1 994 -1174
1 1124 -1375
1 1374 -1694
1 1545 -1871
1 1795 -2091
1 2065 -2289
1 2188 -2351
1 926 -1007
1 935 -1048
1 967 -1123
1 1027 -1230
1 1067 -1293
1 1162 -1426
1 1304 -1610
1 1391 -1714
1 1444 -1773
1 1642 -1962
1 1742 -2047
1 1870 -2150
1 2020 -2259
1 2102 -2310
1 2151 -2336
1 2209 -2356
1 924 -982
1 965 -1119
1 1040 -1251
1 1103 -1345
1 1244 -1533
1 1292 -1595
1 1323 -1633
1 1478 -1806
1 1581 -1905
1 1711 -2021
1 1772 -2072
1 1834 -2122
1 1891 -2166
1 1971 -2224
1 2246 -2362
1 1201 -1477
