1 2855 -6485
1 7618 -11391
1 4651 -9941
1 3391 -8303
1 6001 -10922
1 3021 -7371
1 3891 -9049
1 5263 -10467
1 6938 -11302
1 2895 -6864
1 3198 -7883
1 3603 -8651
1 4277 -9520
1 4943 -10213
1 5583 -10690
1 6470 -11137
1 7249 -11360
1 2861 -6608
1 2949 -7105
1 3097 -7609
1 3287 -8089
1 3476 -8452
1 3740 -8846
1 4036 -9234
1 4448 -9717
1 4820 -10103
1 5135 -10371
1 5458 -10607
1 5767 -10800
1 6166 -11000
1 6699 -11226
1 7097 -11339
1 7406 -11380
1 2857 -6569
1 2874 -6716
1 2928 -7018
1 2982 -7234
1 3042 -7441
1 3140 -7729
1 3233 -7968
1 3322 -8164
1 3414 -8347
1 3550 -8571
1 3685 -8769
1 3810 -8942
1 3946 -9120
1 4147 -9367
1 4377 -9636
1 4589 -9875
1 4718 -10007
1 4898 -10174
1 5017 -10275
1 5210 -10428
1 5342 -10524
1 5535 -10659
1 5652 -10732
1 5911 -10876
1 6099 -10969
1 6300 -11061
1 6557 -11172
1 6870 -11282
1 6976 -11313
1 7181 -11351
1 7350 -11373
1 7522 -11389
1 2856 -6529
1 2868 -6669
1 2884 -6790
1 2911 -6942
1 2936 -7052
1 2978 -7219
1 2998 -7292
1 3084 -7570
1 3118 -7669
1 3169 -7807
1 3221 -7939
1 3262 -8034
1 3340 -8201
1 3442 -8395
1 3510 -8507
1 3585 -8624
1 3636 -8699
1 3717 -8814
1 3780 -8901
1 3855 -9002
1 4001 -9190
1 4084 -9292
1 4203 -9433
1 4333 -9585
1 4418 -9683
1 4536 -9816
1 4629 -9918
1 4675 -9965
1 4758 -10045
1 4878 -10156
1 4983 -10247
1 5104 -10346
1 5181 -10406
1 5237 -10448
1 5310 -10501
1 5416 -10577
1 5508 -10641
1 5564 -10678
1 5614 -10709
1 5721 -10773
1 5850 -10844
1 5963 -10903
1 6055 -10948
1 6140 -10988
1 6247 -11037
1 6340 -11079
1 6622 -11197
1 6789 -11256
1 6897 -11290
1 7036 -11326
1 7311 -11368
1 7493 -11387
1 7565 -11390
1 2871 -6693
1 2889 -6824
1 2901 -6895
1 2966 -7172
1 3000 -7299
1 3067 -7518
1 3106 -7635
1 3157 -7775
1 3188 -7857
1 3258 -8025
1 4050 -9251
1 4254 -9493
1 4283 -9527
1 4561 -9844
1 4600 -9887
1 5077 -10324
1 5575 -10685
1 5642 -10726
1 5782 -10808
1 5888 -10864
1 6201 -11016
1 6396 -11104
1 6667 -11214
1 6823 -11267
1 2950 -7109
1 3054 -7478
1 3113 -7655
