1 2580 -5082
1 7152 -9217
1 4003 -7975
1 3035 -6819
1 5408 -8913
1 2658 -5886
1 3432 -7390
1 4793 -8583
1 6222 -9137
1 2603 -5548
1 2786 -6265
1 3179 -7062
1 3703 -7687
1 4261 -8195
1 5128 -8787
1 5735 -9027
1 6677 -9195
1 2587 -5282
1 2630 -5749
1 2723 -6093
1 2876 -6480
1 3110 -6954
1 3277 -7194
1 3533 -7504
1 3860 -7841
1 4134 -8092
1 4573 -8428
1 4947 -8684
1 5262 -8852
1 5600 -8983
1 5942 -9080
1 6432 -9168
1 6895 -9208
1 2581 -5127
1 2599 -5492
1 2613 -5637
1 2653 -5863
1 2682 -5970
1 2749 -6167
1 2818 -6344
1 2945 -6630
1 3080 -6903
1 3141 -7005
1 3214 -7110
1 3375 -7320
1 3492 -7459
1 3631 -7611
1 3757 -7741
1 3915 -7893
1 4102 -8064
1 4189 -8137
1 4440 -8330
1 4732 -8541
1 4891 -8648
1 5002 -8717
1 5163 -8805
1 5296 -8867
1 5538 -8961
1 5644 -8998
1 5837 -9054
1 6052 -9104
1 6303 -9150
1 6533 -9180
1 6816 -9204
1 7072 -9215
1 2584 -5211
1 2595 -5424
1 2611 -5620
1 2619 -5681
1 2638 -5789
1 2671 -5933
1 2765 -6210
1 2849 -6418
1 2919 -6574
1 3000 -6746
1 3045 -6839
1 3129 -6986
1 3157 -7030
1 3191 -7079
1 3364 -7306
1 3410 -7363
1 3443 -7403
1 3502 -7470
1 3597 -7574
1 3674 -7657
1 3826 -7808
1 3880 -7860
1 3961 -7936
1 4064 -8030
1 4241 -8179
1 4352 -8264
1 4505 -8378
1 4633 -8471
1 4771 -8568
1 4847 -8619
1 4920 -8667
1 5062 -8751
1 5226 -8835
1 5364 -8895
1 5453 -8930
1 5629 -8993
1 5721 -9023
1 5757 -9033
1 5905 -9071
1 5982 -9089
1 6152 -9124
1 6245 -9141
1 6344 -9156
1 6480 -9174
1 6644 -9192
1 6735 -9199
1 6853 -9206
1 6919 -9209
1 7105 -9216
1 2583 -5184
1 2590 -5336
1 2679 -5960
1 2784 -6260
1 2861 -6446
1 2881 -6491
1 2971 -6685
1 3023 -6794
1 3161 -7036
1 3315 -7243
1 3946 -7922
1 4295 -8221
1 4558 -8417
1 4591 -8441
1 4671 -8498
1 4939 -8679
1 5102 -8773
1 5245 -8844
1 6116 -9117
1 6264 -9144
1 6380 -9161
1 6497 -9176
1 6579 -9185
1 6690 -9196
1 6751 -9200
1 6834 -9205
1 6995 -9212
1 2872 -6471
1 2962 -6666
1 6417 -9166
