1 2288 -4605
1 6033 -7979
1 3514 -6986
1 2522 -5706
1 4708 -7724
1 2361 -5266
1 2914 -6333
1 4217 -7479
1 5313 -7896
1 2308 -4945
1 2429 -5486
1 2732 -6076
1 3187 -6659
1 3806 -7210
1 4425 -7596
1 5001 -7823
1 5776 -7966
1 2292 -4761
1 2325 -5063
1 2408 -5427
1 2467 -5582
1 2603 -5858
1 2810 -6195
1 3032 -6480
1 3619 -7072
1 3983 -7331
1 4325 -7543
1 4563 -7661
1 4854 -7777
1 5135 -7859
1 5539 -7934
1 5860 -7973
1 2289 -4687
1 2294 -4794
1 2314 -4989
1 2347 -5192
1 2381 -5337
1 2450 -5541
1 2514 -5690
1 2549 -5758
1 2686 -6002
1 2774 -6142
1 2880 -6289
1 2971 -6405
1 3158 -6626
1 3285 -6763
1 3434 -6911
1 3573 -7036
1 3758 -7176
1 3859 -7247
1 4122 -7420
1 4282 -7518
1 4407 -7587
1 4501 -7632
1 4634 -7693
1 4759 -7744
1 4927 -7800
1 5094 -7849
1 5186 -7870
1 5427 -7917
1 5648 -7950
1 5817 -7970
1 5923 -7976
1 2305 -4916
1 2338 -5140
1 2367 -5289
1 2400 -5401
1 2462 -5570
1 2503 -5665
1 2563 -5784
1 2643 -5928
1 2712 -6044
1 2744 -6095
1 2799 -6179
1 2853 -6253
1 2890 -6302
1 2947 -6375
1 3023 -6469
1 3120 -6582
1 3178 -6649
1 3238 -6714
1 3396 -6874
1 3492 -6966
1 3544 -7012
1 3673 -7113
1 3779 -7191
1 3937 -7300
1 4053 -7376
1 4162 -7445
1 4299 -7528
1 4446 -7606
1 4518 -7640
1 4594 -7675
1 4667 -7707
1 4736 -7735
1 4801 -7759
1 5065 -7841
1 5259 -7885
1 5339 -7901
1 5506 -7929
1 5573 -7939
1 5711 -7958
1 5992 -7978
1 2299 -4851
1 2386 -5354
1 2480 -5612
1 2780 -6151
1 3259 -6736
1 3669 -7110
1 3716 -7145
1 4111 -7413
