1 1694 -2811
1 4595 -5429
1 2583 -4502
1 1877 -3603
1 3635 -5179
1 1752 -3283
1 2120 -3993
1 3078 -4876
1 4238 -5389
1 1712 -3079
1 1805 -3440
1 2029 -3863
1 2374 -4290
1 2817 -4692
1 3318 -5020
1 3934 -5293
1 4435 -5420
1 1698 -2915
1 1732 -3192
1 1776 -3365
1 1850 -3549
1 1937 -3710
1 2069 -3921
1 2280 -4184
1 2487 -4410
1 2700 -4601
1 2983 -4813
1 3180 -4940
1 3471 -5099
1 3772 -5234
1 4079 -5342
1 4332 -5408
1 4538 -5426
1 1696 -2878
1 1704 -2989
1 1728 -3171
1 1735 -3206
1 1758 -3304
1 1830 -3502
1 1912 -3667
1 1975 -3774
1 2093 -3955
1 2189 -4076
1 2324 -4234
1 2398 -4316
1 2535 -4457
1 2653 -4562
1 2747 -4638
1 2893 -4748
1 3052 -4859
1 3119 -4902
1 3296 -5008
1 3356 -5040
1 3609 -5167
1 3699 -5205
1 3897 -5280
1 3993 -5313
1 4140 -5361
1 4309 -5404
1 4356 -5411
1 4469 -5422
1 1695 -2849
1 1707 -3024
1 1713 -3086
1 1768 -3338
1 1901 -3647
1 2001 -3817
1 2076 -3931
1 2153 -4033
1 2220 -4113
1 2432 -4352
1 2633 -4545
1 2684 -4588
1 2765 -4652
1 2915 -4764
1 3217 -4962
1 3387 -5056
1 3558 -5142
1 3739 -5221
1 3845 -5261
1 4067 -5338
1 4246 -5391
1 2258 -4158
1 2598 -4515
1 2678 -4583
1 2951 -4790
1 3229 -4969
1 3485 -5106
