1 1503 -1595
1 3731 -3775
1 2424 -2823
1 1802 -2147
1 3109 -3425
1 1587 -1819
1 2066 -2456
1 2737 -3114
1 3503 -3682
1 1530 -1693
1 1687 -1983
1 1895 -2264
1 2244 -2643
1 2572 -2965
1 2964 -3308
1 3334 -3580
1 3668 -3761
1 1509 -1633
1 1547 -1734
1 1626 -1886
1 1755 -2082
1 1840 -2196
1 1966 -2346
1 2125 -2519
1 2518 -2914
1 2620 -3009
1 2859 -3219
1 3031 -3363
1 3192 -3484
1 3409 -3627
1 3604 -3733
1 3711 -3773
1 1506 -1619
1 1514 -1648
1 1533 -1701
1 1570 -1783
1 1601 -1844
1 1668 -1953
1 1719 -2030
1 1782 -2120
1 1822 -2173
1 1875 -2240
1 1937 -2313
1 2021 -2407
1 2110 -2503
1 2210 -2608
1 2493 -2890
1 2586 -2978
1 2650 -3036
1 2789 -3159
1 2914 -3266
1 3085 -3406
1 3148 -3453
1 3262 -3532
1 3375 -3606
1 3439 -3645
1 3556 -3709
1 3642 -3750
1 3702 -3771
1 3718 -3774
1 1508 -1629
1 1543 -1725
1 1586 -1817
1 1593 -1830
1 1608 -1856
1 1631 -1894
1 1704 -2008
1 1730 -2046
1 1805 -2151
1 2043 -2431
1 2146 -2541
1 2459 -2857
1 2760 -3134
1 3120 -3433
1 3179 -3475
1 3224 -3506
1 3482 -3670
1 3656 -3756
1 2745 -3121
