1 1424 -1428
1 3577 -3532
1 2280 -2593
1 1750 -2013
1 3152 -3308
1 1536 -1689
1 1951 -2248
1 2661 -2934
1 3430 -3484
1 1442 -1498
1 1626 -1833
1 1815 -2096
1 2177 -2489
1 2495 -2793
1 2895 -3117
1 3287 -3400
1 3516 -3520
1 1426 -1449
1 1481 -1583
1 1568 -1743
1 1712 -1961
1 1782 -2055
1 1861 -2149
1 2083 -2390
1 2215 -2528
1 2351 -2661
1 2591 -2876
1 2752 -3006
1 3054 -3236
1 3240 -3369
1 3361 -3446
1 3476 -3505
1 3541 -3526
1 1425 -1439
1 1435 -1480
1 1458 -1533
1 1516 -1652
1 1562 -1733
1 1583 -1767
1 1674 -1905
1 1806 -2085
1 1846 -2132
1 1900 -2192
1 2025 -2328
1 2116 -2425
1 2332 -2643
1 2405 -2711
1 2536 -2829
1 2622 -2902
1 2692 -2959
1 2816 -3056
1 2995 -3192
1 3123 -3287
1 3192 -3336
1 3314 -3417
1 3393 -3464
1 3444 -3491
1 3501 -3515
1 3520 -3521
1 3558 -3529
1 1432 -1470
1 1494 -1609
1 1531 -1680
1 1701 -1945
1 2000 -2301
1 2429 -2733
1 2687 -2955
1 2874 -3101
1 3306 -3412
1 3348 -3438
1 3368 -3450
1 3404 -3470
1 2485 -2784
