1 2386 -5582
1 5827 -8571
1 3417 -7619
1 2726 -6754
1 4597 -8311
1 2456 -6072
1 3028 -7231
1 4006 -8031
1 5290 -8516
1 2400 -5803
1 2569 -6411
1 2881 -7023
1 3247 -7465
1 3762 -7878
1 4326 -8195
1 4934 -8425
1 5595 -8564
1 2389 -5685
1 2428 -5961
1 2533 -6318
1 2646 -6591
1 2801 -6888
1 2962 -7142
1 3100 -7312
1 3287 -7504
1 3586 -7749
1 3845 -7933
1 4063 -8063
1 4423 -8239
1 4719 -8356
1 5162 -8486
1 5410 -8538
1 5664 -8569
1 2387 -5620
1 2393 -5739
1 2419 -5916
1 2440 -6012
1 2489 -6182
1 2551 -6365
1 2612 -6516
1 2687 -6676
1 2737 -6775
1 2850 -6972
1 2955 -7132
1 2982 -7170
1 3061 -7270
1 3192 -7409
1 3344 -7555
1 3434 -7633
1 3632 -7783
1 3810 -7911
1 3914 -7976
1 4045 -8053
1 4186 -8126
1 4384 -8222
1 4528 -8283
1 4639 -8327
1 4808 -8386
1 5104 -8471
1 5221 -8501
1 5347 -8527
1 5518 -8554
1 5608 -8565
1 5742 -8570
1 2398 -5789
1 2402 -5816
1 2469 -6116
1 2510 -6249
1 2601 -6490
1 2626 -6547
1 2664 -6629
1 2769 -6832
1 2826 -6931
1 2856 -6982
1 2919 -7079
1 3003 -7198
1 3046 -7253
1 3146 -7361
1 3245 -7463
1 3394 -7599
1 3537 -7712
1 3602 -7761
1 3688 -7824
1 3788 -7896
1 3947 -7996
1 4264 -8165
1 4461 -8255
1 4572 -8301
1 4623 -8321
1 4658 -8334
1 4874 -8407
1 5041 -8454
1 5213 -8499
1 5234 -8504
1 5331 -8524
1 5392 -8535
1 5430 -8541
1 5586 -8563
1 2413 -5881
1 2586 -6453
1 3036 -7241
1 3507 -7689
1 4303 -8184
1 4993 -8441
