1 3250 -3526
1 8093 -8228
1 5348 -6312
1 3931 -4746
1 6962 -7687
1 3473 -4076
1 4487 -5415
1 6266 -7144
1 7534 -8040
1 3296 -3725
1 3695 -4422
1 4173 -5057
1 4870 -5828
1 5858 -6786
1 6619 -7433
1 7282 -7900
1 7863 -8180
1 3262 -3618
1 3395 -3933
1 3588 -4264
1 3799 -4569
1 4106 -4975
1 4313 -5220
1 4698 -5645
1 5074 -6039
1 5614 -6563
1 6045 -6953
1 6364 -7227
1 6768 -7547
1 7113 -7790
1 7425 -7983
1 7739 -8133
1 7982 -8212
1 3252 -3564
1 3276 -3672
1 3332 -3806
1 3452 -4038
1 3522 -4159
1 3635 -4334
1 3757 -4511
1 3862 -4654
1 3990 -4824
1 4121 -4994
1 4257 -5156
1 4386 -5303
1 4624 -5565
1 4766 -5718
1 5004 -5967
1 5304 -6269
1 5461 -6420
1 5747 -6685
1 5938 -6858
1 6183 -7073
1 6313 -7184
1 6521 -7355
1 6697 -7493
1 6889 -7636
1 7030 -7734
1 7229 -7866
1 7363 -7948
1 7451 -7997
1 7654 -8096
1 7794 -8156
1 7955 -8206
1 8051 -8224
1 3251 -3546
1 3254 -3579
1 3267 -3639
1 3282 -3689
1 3321 -3782
1 3348 -3839
1 3421 -3981
1 3486 -4099
1 3563 -4225
1 3610 -4297
1 3717 -4454
1 3767 -4525
1 3816 -4592
1 3974 -4803
1 4059 -4914
1 4135 -5011
1 4239 -5135
1 4371 -5286
1 4430 -5352
1 4558 -5493
1 4636 -5578
1 4752 -5703
1 4832 -5788
1 4948 -5909
1 5037 -6001
1 5400 -6362
1 5570 -6522
1 5641 -6588
1 5814 -6746
1 5919 -6841
1 5993 -6907
1 6123 -7021
1 6197 -7085
1 6463 -7308
1 6562 -7388
1 6667 -7470
1 6752 -7535
1 6841 -7601
1 6909 -7650
1 6975 -7696
1 7089 -7774
1 7174 -7830
1 7314 -7919
1 7389 -7963
1 7497 -8021
1 7610 -8076
1 7693 -8113
1 7779 -8150
1 7822 -8166
1 7911 -8194
1 7968 -8209
1 8013 -8218
1 8070 -8226
1 3257 -3594
1 3272 -3658
1 3294 -3720
1 3303 -3741
1 3326 -3793
1 3440 -4016
1 3543 -4193
1 3745 -4494
1 4016 -4858
1 4069 -4927
1 4211 -5102
1 4421 -5342
1 4516 -5447
1 4850 -5807
1 4975 -5937
1 5422 -6383
1 5508 -6464
1 5585 -6536
1 5628 -6576
1 5665 -6610
1 5975 -6891
1 6500 -7338
1 6818 -7584
1 7052 -7749
1 7203 -7849
1 7532 -8039
1 7576 -8060
1 7805 -8160
1 7880 -8185
1 7929 -8199
1 7959 -8207
1 7992 -8214
1 3287 -3702
1 4178 -5063
1 5712 -6653
