1 2345 -4477
1 5406 -7587
1 3339 -6648
1 2587 -5515
1 4212 -7315
1 2410 -4957
1 2896 -6093
1 3756 -7025
1 4796 -7513
1 2367 -4751
1 2493 -5277
1 2720 -5786
1 3113 -6406
1 3558 -6860
1 3940 -7159
1 4540 -7442
1 5150 -7573
1 2351 -4591
1 2373 -4782
1 2459 -5158
1 2524 -5371
1 2644 -5636
1 2811 -5951
1 3051 -6322
1 3162 -6464
1 3483 -6789
1 3652 -6940
1 3892 -7127
1 4038 -7220
1 4375 -7382
1 4700 -7489
1 4925 -7541
1 5288 -7583
1 2346 -4507
1 2359 -4680
1 2396 -4891
1 2424 -5017
1 2477 -5224
1 2515 -5346
1 2557 -5447
1 2617 -5579
1 2676 -5700
1 2760 -5860
1 2862 -6038
1 2977 -6214
1 3088 -6373
1 3140 -6439
1 3237 -6543
1 3402 -6710
1 3521 -6825
1 3581 -6880
1 3721 -6997
1 3821 -7074
1 3908 -7138
1 3999 -7196
1 4113 -7263
1 4295 -7350
1 4427 -7402
1 4584 -7456
1 4742 -7500
1 4886 -7533
1 5008 -7554
1 5223 -7579
1 5326 -7585
1 2358 -4670
1 2381 -4820
1 2449 -5119
1 2473 -5210
1 2547 -5424
1 2709 -5765
1 2781 -5898
1 2834 -5991
1 2952 -6177
1 3007 -6258
1 3077 -6358
1 3106 -6397
1 3153 -6454
1 3196 -6500
1 3294 -6602
1 3346 -6655
1 3443 -6750
1 3693 -6974
1 4179 -7299
1 4252 -7332
1 4496 -7427
1 4552 -7446
1 4608 -7463
1 4711 -7492
1 4863 -7528
1 4914 -7539
1 4976 -7549
1 5072 -7563
1 5161 -7574
1 5255 -7581
1 5365 -7586
1 2436 -5066
1 3056 -6329
1 4197 -7308
