1 4660 -4934
1 11469 -11369
1 7669 -8764
1 5655 -6619
1 9765 -10520
1 4968 -5650
1 6490 -7585
1 8784 -9753
1 10783 -11136
1 4719 -5169
1 5274 -6104
1 6059 -7105
1 8229 -9276
1 9353 -10210
1 10361 -10907
1 11108 -11270
1 4667 -5027
1 4813 -5367
1 5068 -5808
1 5500 -6415
1 5833 -6837
1 6343 -7426
1 6695 -7802
1 7373 -8481
1 7944 -9019
1 8459 -9477
1 9049 -9970
1 9616 -10412
1 10052 -10711
1 10555 -11018
1 10966 -11218
1 11354 -11346
1 4664 -5004
1 4692 -5103
1 4776 -5293
1 4892 -5515
1 5018 -5732
1 5134 -5904
1 5374 -6243
1 5582 -6525
1 5709 -6686
1 5931 -6954
1 6216 -7284
1 6389 -7477
1 6603 -7705
1 6872 -7982
1 7268 -8378
1 7508 -8611
1 7820 -8905
1 8040 -9106
1 8347 -9380
1 8590 -9589
1 8888 -9839
1 9137 -10040
1 9495 -10320
1 9670 -10452
1 9944 -10640
1 10228 -10824
1 10446 -10957
1 10664 -11076
1 10926 -11201
1 11001 -11232
1 11204 -11301
1 11391 -11356
1 4662 -4973
1 4666 -5022
1 4674 -5051
1 4698 -5119
1 4737 -5209
1 4853 -5443
1 4919 -5564
1 4980 -5670
1 5029 -5749
1 5093 -5845
1 5322 -6171
1 5461 -6362
1 5567 -6505
1 5616 -6569
1 5678 -6648
1 5785 -6779
1 5889 -6904
1 6035 -7077
1 6120 -7175
1 6265 -7339
1 6370 -7456
1 6415 -7505
1 6552 -7651
1 6639 -7743
1 6808 -7917
1 7323 -8432
1 7402 -8509
1 7573 -8673
1 7717 -8809
1 7895 -8974
1 7999 -9069
1 8171 -9224
1 8307 -9345
1 8409 -9434
1 8550 -9555
1 8708 -9689
1 8825 -9787
1 8964 -9901
1 9084 -9998
1 9227 -10111
1 9430 -10270
1 9537 -10352
1 9648 -10436
1 9699 -10473
1 9842 -10572
1 9997 -10675
1 10167 -10785
1 10328 -10887
1 10420 -10942
1 10504 -10990
1 10641 -11064
1 10715 -11102
1 10864 -11173
1 10933 -11204
1 10983 -11225
1 11070 -11257
1 11147 -11283
1 11289 -11327
1 11365 -11349
1 11455 -11368
1 4661 -4954
1 4663 -4990
1 4680 -5069
1 4716 -5162
1 4756 -5250
1 4825 -5390
1 4867 -5469
1 4903 -5535
1 4948 -5615
1 4991 -5688
1 5060 -5796
1 5194 -5990
1 5250 -6070
1 5289 -6125
1 5340 -6196
1 5401 -6280
1 5486 -6396
1 5532 -6458
1 5592 -6538
1 5670 -6638
1 5758 -6746
1 5804 -6802
1 5853 -6861
1 5958 -6986
1 6072 -7120
1 6163 -7224
1 6240 -7311
1 6750 -7858
1 7631 -8728
1 7806 -8892
1 8111 -9170
1 8290 -9330
1 8394 -9421
1 8643 -9634
1 8759 -9732
1 8848 -9806
1 8937 -9879
1 9012 -9940
1 9113 -10021
1 9194 -10085
1 9288 -10159
1 9403 -10249
1 9587 -10390
1 9720 -10488
1 9784 -10533
1 10111 -10749
1 10206 -10810
1 10288 -10862
1 10398 -10929
1 10481 -10977
1 10583 -11033
1 10818 -11152
1 11045 -11248
1 11256 -11317
1 11329 -11339
1 11437 -11365
1 4687 -5089
1 5157 -5937
1 5382 -6254
1 6113 -7167
1 6178 -7241
1 7747 -8837
1 9302 -10170
1 11336 -11341
1 11421 -11362
