1 2357 -2414
1 5683 -5845
1 3675 -4319
1 2794 -3267
1 4740 -5286
1 2456 -2699
1 3240 -3841
1 4266 -4887
1 5324 -5677
1 2387 -2537
1 2603 -2967
1 3008 -3556
1 3497 -4131
1 3903 -4547
1 4543 -5130
1 4979 -5456
1 5581 -5812
1 2365 -2461
1 2412 -2603
1 2535 -2848
1 2713 -3144
1 2898 -3411
1 3109 -3683
1 3365 -3985
1 3553 -4192
1 4075 -4711
1 4415 -5020
1 4627 -5199
1 4885 -5392
1 5213 -5609
1 5474 -5760
1 5630 -5833
1 2360 -2434
1 2374 -2494
1 2400 -2573
1 2441 -2668
1 2481 -2747
1 2587 -2940
1 2659 -3059
1 2739 -3184
1 2831 -3319
1 2942 -3470
1 3068 -3632
1 3171 -3758
1 3307 -3919
1 3382 -4004
1 3519 -4155
1 3617 -4259
1 3726 -4371
1 3842 -4487
1 3953 -4595
1 4189 -4817
1 4307 -4924
1 4484 -5080
1 4573 -5155
1 4641 -5210
1 4791 -5324
1 4908 -5408
1 5094 -5532
1 5294 -5659
1 5429 -5736
1 5496 -5771
1 5610 -5825
1 5656 -5840
1 2368 -2473
1 2385 -2531
1 2426 -2635
1 2453 -2693
1 2514 -2809
1 2550 -2875
1 2640 -3028
1 2685 -3100
1 2776 -3240
1 2865 -3366
1 2930 -3454
1 2977 -3516
1 3041 -3598
1 3092 -3662
1 3210 -3805
1 3275 -3882
1 3327 -3942
1 3420 -4046
1 3593 -4234
1 3644 -4287
1 4017 -4656
1 4162 -4792
1 4469 -5067
1 4524 -5114
1 4622 -5195
1 4710 -5263
1 4768 -5307
1 4864 -5377
1 4942 -5431
1 5012 -5478
1 5134 -5558
1 5229 -5619
1 5361 -5698
1 5554 -5799
1 5594 -5818
1 5652 -5839
1 5677 -5844
1 2571 -2912
1 2651 -3046
1 3468 -4099
1 4057 -4694
1 4105 -4739
1 4824 -5348
1 5059 -5509
1 5199 -5600
1 5386 -5712
