1 1333 -1321
1 3244 -3171
1 2075 -2281
1 1606 -1799
1 2827 -2921
1 1421 -1526
1 1753 -1961
1 2488 -2648
1 3087 -3099
1 1375 -1437
1 1539 -1708
1 1660 -1863
1 1945 -2154
1 2294 -2480
1 2647 -2781
1 2951 -3010
1 3167 -3140
1 1337 -1340
1 1393 -1474
1 1482 -1623
1 1580 -1765
1 1622 -1818
1 1701 -1907
1 1808 -2017
1 2043 -2250
1 2169 -2368
1 2400 -2573
1 2571 -2718
1 2715 -2834
1 2899 -2974
1 2995 -3040
1 3125 -3120
1 3207 -3158
1 1357 -1394
1 1380 -1448
1 1410 -1506
1 1441 -1559
1 1497 -1646
1 1567 -1747
1 1672 -1876
1 1725 -1932
1 1995 -2203
1 2132 -2334
1 2229 -2422
1 2337 -2518
1 2434 -2602
1 2552 -2702
1 2589 -2733
1 2769 -2876
1 2856 -2943
1 3069 -3088
1 3114 -3114
1 3189 -3150
1 1352 -1381
1 2248 -2439
1 2353 -2532
1 3041 -3070
