1 2497 -4637
1 6504 -8146
1 3717 -6946
1 2896 -5891
1 5288 -7886
1 2598 -5239
1 3276 -6488
1 4427 -7468
1 5969 -8101
1 2531 -4970
1 2717 -5532
1 3073 -6201
1 3450 -6695
1 4100 -7254
1 4722 -7627
1 5594 -8007
1 6225 -8136
1 2502 -4750
1 2556 -5090
1 2647 -5373
1 2782 -5666
1 2972 -6032
1 3217 -6409
1 3369 -6602
1 3557 -6801
1 3833 -7045
1 4268 -7370
1 4520 -7522
1 5049 -7779
1 5475 -7964
1 5760 -8053
1 6056 -8116
1 6368 -8143
1 2498 -4670
1 2520 -4892
1 2545 -5043
1 2572 -5150
1 2637 -5348
1 2668 -5422
1 2742 -5584
1 2823 -5748
1 2945 -5983
1 3043 -6153
1 3136 -6293
1 3252 -6456
1 3346 -6574
1 3512 -6757
1 3633 -6872
1 3780 -7001
1 4000 -7178
1 4167 -7303
1 4346 -7419
1 4490 -7505
1 4658 -7595
1 4854 -7689
1 5148 -7824
1 5406 -7936
1 5529 -7984
1 5668 -8028
1 5858 -8077
1 6025 -8111
1 6138 -8126
1 6302 -8140
1 6424 -8145
1 2507 -4791
1 2540 -5017
1 2590 -5213
1 2621 -5304
1 2698 -5490
1 2728 -5555
1 2761 -5623
1 2883 -5866
1 2930 -5955
1 3020 -6114
1 3105 -6248
1 3181 -6358
1 3302 -6520
1 3606 -6847
1 3692 -6924
1 3741 -6967
1 3812 -7028
1 3903 -7101
1 4049 -7216
1 4115 -7265
1 4215 -7335
1 4288 -7383
1 4417 -7462
1 4478 -7498
1 4572 -7550
1 4758 -7644
1 4921 -7720
1 5106 -7805
1 5233 -7862
1 5356 -7915
1 5440 -7950
1 5488 -7969
1 5650 -8023
1 5734 -8046
1 5800 -8063
1 5913 -8089
1 6002 -8107
1 6105 -8122
1 6207 -8134
1 6282 -8139
1 2514 -4846
1 2611 -5276
1 3030 -6131
1 3793 -7012
1 3937 -7128
1 4032 -7203
1 4057 -7222
1 4593 -7561
1 4839 -7682
1 4999 -7756
1 5309 -7895
