1 3095 -3174
1 8119 -8111
1 4864 -5640
1 3575 -4134
1 6818 -7370
1 3199 -3529
1 4179 -4902
1 5820 -6538
1 7608 -7899
1 3125 -3342
1 3362 -3813
1 3922 -4591
1 4570 -5340
1 5321 -6082
1 6304 -6958
1 7077 -7562
1 7866 -8033
1 3100 -3245
1 3153 -3425
1 3259 -3641
1 3481 -3999
1 3741 -4357
1 4011 -4702
1 4380 -5132
1 4698 -5473
1 5074 -5846
1 5576 -6318
1 6142 -6820
1 6622 -7217
1 7009 -7514
1 7411 -7780
1 7782 -7993
1 8035 -8097
1 3098 -3223
1 3111 -3293
1 3140 -3391
1 3172 -3472
1 3237 -3601
1 3316 -3738
1 3419 -3904
1 3518 -4054
1 3633 -4213
1 3861 -4513
1 3973 -4655
1 4106 -4816
1 4284 -5023
1 4426 -5183
1 4657 -5431
1 4762 -5538
1 4976 -5750
1 5185 -5953
1 5435 -6188
1 5694 -6425
1 5980 -6679
1 6221 -6888
1 6493 -7113
1 6737 -7308
1 6949 -7469
1 7030 -7529
1 7223 -7659
1 7563 -7873
1 7697 -7948
1 7828 -8016
1 7977 -8077
1 8090 -8109
1 3096 -3193
1 3102 -3256
1 3133 -3369
1 3190 -3511
1 3220 -3569
1 3284 -3684
1 3338 -3774
1 3390 -3858
1 3439 -3935
1 3499 -4026
1 3530 -4071
1 3596 -4163
1 3817 -4456
1 3911 -4577
1 3945 -4620
1 4138 -4854
1 4237 -4969
1 4348 -5096
1 4406 -5161
1 4513 -5278
1 4607 -5379
1 4921 -5696
1 5028 -5801
1 5161 -5930
1 5271 -6035
1 5366 -6124
1 5502 -6250
1 5633 -6370
1 5754 -6479
1 5888 -6598
1 6051 -6741
1 6186 -6858
1 6254 -6916
1 6384 -7024
1 6576 -7180
1 6695 -7275
1 6776 -7338
1 6851 -7395
1 7057 -7548
1 7179 -7630
1 7286 -7700
1 7512 -7842
1 7568 -7876
1 7662 -7929
1 7757 -7980
1 7845 -8024
1 7956 -8069
1 7999 -8085
1 8052 -8101
1 8102 -8110
1 3110 -3289
1 3176 -3481
1 3270 -3660
1 3407 -3885
1 3458 -3964
1 3613 -4186
1 3764 -4387
1 3827 -4469
1 4127 -4841
1 4298 -5039
1 4458 -5218
1 4547 -5315
1 4586 -5357
1 5104 -5875
1 5207 -5974
1 5288 -6051
1 5337 -6097
1 5552 -6296
1 5622 -6360
1 5792 -6513
1 5955 -6657
1 5988 -6686
1 6089 -6774
1 6157 -6833
1 6273 -6932
1 6339 -6987
1 6439 -7069
1 6514 -7130
1 6627 -7221
1 6714 -7290
1 7367 -7752
1 7468 -7815
1 7725 -7963
1 8075 -8106
1 6356 -7001
1 7328 -7727
