1 1774 -3674
1 4366 -6186
1 2596 -5418
1 1949 -4558
1 3482 -6003
1 1815 -4163
1 2154 -4913
1 2963 -5723
1 3827 -6119
1 1789 -3969
1 1844 -4286
1 2054 -4761
1 2378 -5188
1 2826 -5620
1 3190 -5858
1 3643 -6063
1 4158 -6168
1 1777 -3791
1 1795 -4022
1 1828 -4225
1 1907 -4463
1 1974 -4611
1 2109 -4850
1 2269 -5061
1 2486 -5307
1 2662 -5478
1 2912 -5687
1 3093 -5804
1 3346 -5940
1 3587 -6044
1 3721 -6088
1 3933 -6137
1 4276 -6181
1 1775 -3733
1 1782 -3882
1 1791 -3989
1 1807 -4108
1 1842 -4280
1 1875 -4374
1 1926 -4508
1 2025 -4708
1 2067 -4783
1 2204 -4978
1 2346 -5151
1 2447 -5265
1 2518 -5340
1 2625 -5445
1 2734 -5541
1 2863 -5649
1 3036 -5769
1 3154 -5838
1 3269 -5900
1 3396 -5964
1 3513 -6016
1 3698 -6081
1 3777 -6105
1 3862 -6125
1 4039 -6152
1 4235 -6177
1 4304 -6183
1 1776 -3768
1 1784 -3907
1 1798 -4044
1 1831 -4237
1 1851 -4306
1 1895 -4430
1 1930 -4517
1 2008 -4676
1 2049 -4752
1 2177 -4943
1 2261 -5051
1 2292 -5088
1 2403 -5216
1 2653 -5470
1 2808 -5605
1 2988 -5739
1 3319 -5926
1 3968 -6142
1 4120 -6163
1 4344 -6185
1 2218 -4996
1 4061 -6155
