1 2551 -5013
1 6005 -8578
1 3546 -7375
1 2854 -6321
1 4770 -8309
1 2616 -5524
1 3105 -6815
1 4118 -7891
1 5319 -8498
1 2562 -5220
1 2731 -5976
1 2977 -6588
1 3403 -7212
1 3729 -7555
1 4466 -8142
1 5029 -8420
1 5745 -8565
1 2555 -5148
1 2586 -5368
1 2680 -5787
1 2785 -6143
1 2925 -6482
1 3041 -6707
1 3243 -7004
1 3452 -7271
1 3655 -7486
1 3962 -7762
1 4293 -8021
1 4632 -8236
1 4911 -8373
1 5183 -8464
1 5485 -8529
1 5855 -8573
1 2552 -5067
1 2576 -5307
1 2601 -5450
1 2651 -5671
1 2697 -5853
1 2753 -6049
1 2831 -6265
1 2897 -6421
1 2965 -6564
1 3005 -6641
1 3073 -6762
1 3153 -6883
1 3355 -7151
1 3442 -7259
1 3489 -7312
1 3630 -7461
1 3682 -7512
1 3891 -7700
1 4048 -7836
1 4191 -7946
1 4385 -8086
1 4567 -8200
1 4699 -8272
1 4840 -8342
1 4925 -8379
1 5098 -8440
1 5251 -8482
1 5397 -8513
1 5584 -8544
1 5800 -8570
1 5917 -8576
1 2554 -5124
1 2566 -5245
1 2596 -5423
1 2602 -5455
1 2624 -5558
1 2712 -5908
1 2770 -6100
1 2810 -6210
1 2875 -6370
1 3056 -6733
1 3085 -6782
1 3119 -6836
1 3207 -6956
1 3289 -7065
1 3586 -7416
1 3696 -7525
1 3799 -7618
1 3939 -7742
1 4006 -7800
1 4151 -7916
1 4229 -7974
1 4345 -8058
1 4451 -8132
1 4474 -8147
1 4585 -8210
1 4671 -8257
1 4807 -8327
1 4872 -8356
1 5001 -8409
1 5032 -8421
1 5126 -8448
1 5232 -8477
1 5462 -8525
1 5543 -8538
1 5642 -8552
1 5951 -8577
1 2640 -5625
1 2778 -6123
1 3178 -6917
1 3325 -7112
1 3836 -7651
1 4509 -8167
1 5705 -8560
