1 2462 -2494
1 5789 -5989
1 3722 -4336
1 2808 -3225
1 4898 -5426
1 2565 -2808
1 3206 -3757
1 4278 -4891
1 5354 -5759
1 2484 -2607
1 2658 -2991
1 3055 -3563
1 3448 -4039
1 4111 -4730
1 4553 -5136
1 5163 -5630
1 5549 -5875
1 2465 -2535
1 2508 -2673
1 2623 -2928
1 2698 -3058
1 2920 -3381
1 3132 -3665
1 3307 -3878
1 3654 -4264
1 3913 -4532
1 4234 -4849
1 4416 -5016
1 4791 -5339
1 5029 -5529
1 5266 -5702
1 5461 -5825
1 5721 -5963
1 2463 -2514
1 2474 -2575
1 2496 -2642
1 2541 -2754
1 2602 -2885
1 2644 -2966
1 2688 -3042
1 2755 -3146
1 2862 -3301
1 2988 -3473
1 3106 -3631
1 3143 -3679
1 3272 -3837
1 3416 -4003
1 3550 -4151
1 3683 -4295
1 3766 -4382
1 4174 -4791
1 4259 -4873
1 4319 -4929
1 4478 -5071
1 4673 -5239
1 4803 -5349
1 4989 -5498
1 5097 -5581
1 5197 -5654
1 5315 -5734
1 5413 -5796
1 5500 -5848
1 5658 -5932
1 5757 -5980
1 2464 -2525
1 2469 -2555
1 2477 -2585
1 2492 -2631
1 2525 -2715
1 2554 -2784
1 2575 -2829
1 2665 -3003
1 2725 -3100
1 2775 -3176
1 2842 -3273
1 2904 -3359
1 2948 -3419
1 3014 -3508
1 3168 -3710
1 3253 -3814
1 3360 -3939
1 3467 -4060
1 3595 -4200
1 3666 -4277
1 3858 -4476
1 4360 -4966
1 4461 -5056
1 4486 -5078
1 4610 -5185
1 4726 -5284
1 4835 -5375
1 4951 -5468
1 5133 -5608
1 5272 -5706
1 5332 -5745
1 5456 -5822
1 5488 -5841
1 5525 -5862
1 5591 -5897
1 5694 -5950
1 5776 -5986
1 2534 -2737
1 2675 -3020
1 2820 -3242
1 3320 -3893
1 3508 -4105
1 3810 -4427
1 4379 -4983
1 4516 -5104
1 4893 -5422
1 4927 -5449
1 5635 -5920
1 5763 -5982
1 5780 -5987
