1 1431 -1547
1 3193 -3198
1 2126 -2505
1 1638 -1973
1 2760 -3001
1 1485 -1729
1 1796 -2179
1 2401 -2740
1 2978 -3125
1 1441 -1633
1 1518 -1789
1 1770 -2148
1 1926 -2314
1 2261 -2625
1 2533 -2842
1 2858 -3063
1 3096 -3172
1 1434 -1602
1 1451 -1655
1 1591 -1903
1 1687 -2039
1 1774 -2153
1 1873 -2261
1 1976 -2363
1 2172 -2547
1 2346 -2696
1 2503 -2819
1 2690 -2954
1 2818 -3038
1 2906 -3090
1 3052 -3156
1 3135 -3185
1 1432 -1573
1 1438 -1622
1 1473 -1703
1 1555 -1847
1 1616 -1941
1 1654 -1995
1 1721 -2084
1 1809 -2193
1 2061 -2444
1 2198 -2570
1 2301 -2659
1 2450 -2778
1 2525 -2836
1 2646 -2923
1 2719 -2974
1 2774 -3010
1 2948 -3111
1 3025 -3145
1 3169 -3194
1 2040 -2424
1 2181 -2555
1 2238 -2605
1 2597 -2888
1 2987 -3129
