1 2075 -3901
1 5068 -6733
1 3206 -5919
1 2367 -4867
1 4178 -6518
1 2174 -4408
1 2702 -5369
1 3715 -6276
1 4674 -6679
1 2097 -4080
1 2270 -4662
1 2509 -5107
1 2894 -5599
1 3438 -6099
1 3985 -6430
1 4444 -6617
1 4842 -6710
1 2082 -3991
1 2146 -4312
1 2213 -4519
1 2324 -4784
1 2468 -5044
1 2592 -5225
1 2847 -5544
1 3058 -5774
1 3314 -6006
1 3563 -6181
1 3860 -6362
1 4072 -6471
1 4303 -6569
1 4604 -6662
1 4730 -6692
1 4977 -6726
1 2076 -3942
1 2091 -4048
1 2120 -4194
1 2161 -4364
1 2187 -4448
1 2239 -4587
1 2299 -4728
1 2346 -4827
1 2432 -4982
1 2480 -5063
1 2548 -5163
1 2650 -5302
1 2753 -5431
1 3017 -5731
1 3105 -5821
1 3227 -5938
1 3345 -6030
1 3476 -6125
1 3612 -6212
1 3786 -6319
1 3929 -6400
1 3991 -6433
1 4144 -6503
1 4274 -6558
1 4353 -6587
1 4497 -6633
1 4695 -6684
1 4800 -6704
1 4887 -6716
1 5038 -6731
1 2085 -4012
1 2113 -4160
1 2140 -4286
1 2195 -4470
1 2234 -4574
1 2253 -4621
1 2415 -4952
1 2440 -4996
1 2505 -5101
1 2610 -5249
1 2715 -5385
1 2787 -5472
1 3145 -5860
1 3221 -5933
1 3250 -5956
1 3451 -6108
1 3535 -6163
1 3585 -6195
1 3649 -6235
1 3741 -6292
1 3803 -6329
1 3869 -6367
1 4057 -6464
1 4257 -6551
1 4279 -6560
1 4330 -6579
1 4404 -6604
1 4519 -6639
1 2123 -4208
1 2206 -4500
1 2389 -4906
