1 1281 -1300
1 2930 -2924
1 1909 -2195
1 1460 -1693
1 2488 -2673
1 1345 -1499
1 1598 -1870
1 2163 -2421
1 2732 -2832
1 1306 -1395
1 1397 -1596
1 1525 -1784
1 1769 -2055
1 2004 -2284
1 2390 -2602
1 2567 -2728
1 2857 -2897
1 1286 -1329
1 1324 -1448
1 1375 -1558
1 1421 -1635
1 1484 -1727
1 1571 -1839
1 1672 -1952
1 1979 -2261
1 2067 -2340
1 2308 -2538
1 2423 -2626
1 2541 -2710
1 2671 -2795
1 2813 -2876
1 2897 -2915
1 1289 -1339
1 1313 -1416
1 1330 -1463
1 1348 -1505
1 1641 -1918
1 1711 -1994
1 1805 -2092
1 1841 -2128
1 1946 -2230
1 1993 -2274
1 2114 -2380
1 2231 -2476
1 2354 -2574
1 2470 -2660
1 2508 -2687
1 2652 -2783
1 2705 -2816
1 2794 -2866
1 2888 -2911
1 2920 -2922
1 1299 -1372
1 1615 -1889
1 1697 -1979
1 1730 -2014
1 2205 -2455
1 2262 -2501
1 2621 -2763
1 2772 -2854
