1 2487 -2503
1 6031 -6064
1 3910 -4484
1 2961 -3399
1 5062 -5485
1 2638 -2896
1 3341 -3880
1 4427 -4969
1 5700 -5925
1 2522 -2650
1 2771 -3115
1 3153 -3657
1 3551 -4113
1 4210 -4776
1 4806 -5284
1 5372 -5711
1 5913 -6034
1 2497 -2559
1 2563 -2747
1 2661 -2939
1 2880 -3283
1 3099 -3587
1 3274 -3802
1 3483 -4039
1 3739 -4309
1 4032 -4606
1 4300 -4857
1 4560 -5082
1 4942 -5393
1 5271 -5639
1 5530 -5817
1 5808 -5987
1 5971 -6055
1 2491 -2531
1 2515 -2627
1 2536 -2686
1 2611 -2843
1 2739 -3065
1 2846 -3231
1 2908 -3324
1 3042 -3510
1 3117 -3611
1 3237 -3758
1 3310 -3844
1 3389 -3934
1 3536 -4097
1 3639 -4205
1 3807 -4379
1 4098 -4670
1 4243 -4806
1 4336 -4889
1 4479 -5014
1 4687 -5187
1 4889 -5351
1 5000 -5438
1 5208 -5593
1 5314 -5670
1 5435 -5754
1 5617 -5873
1 5756 -5958
1 5871 -6016
1 5950 -6049
1 6015 -6062
1 2489 -2519
1 2504 -2586
1 2517 -2634
1 2555 -2729
1 2680 -2970
1 2813 -3180
1 2922 -3344
1 3001 -3454
1 3073 -3552
1 3124 -3620
1 3187 -3698
1 3348 -3888
1 3440 -3991
1 3687 -4255
1 3770 -4341
1 3855 -4428
1 4068 -4641
1 4157 -4726
1 4395 -4941
1 4512 -5042
1 4618 -5130
1 4731 -5223
1 4832 -5305
1 4987 -5428
1 5058 -5482
1 5143 -5545
1 5223 -5604
1 5307 -5665
1 5352 -5697
1 5407 -5735
1 5468 -5776
1 5581 -5850
1 5666 -5904
1 5722 -5938
1 5791 -5978
1 5842 -6003
1 5894 -6026
1 5942 -6046
1 5996 -6059
1 2719 -3033
1 2939 -3368
1 4193 -4760
1 5166 -5562
1 5550 -5830
1 5812 -5989
