1 1374 -1435
1 3090 -2988
1 2161 -2399
1 1644 -1878
1 2722 -2827
1 1485 -1663
1 1815 -2067
1 2461 -2647
1 2930 -2941
1 1410 -1523
1 1546 -1754
1 1707 -1953
1 1996 -2247
1 2381 -2584
1 2614 -2755
1 2842 -2898
1 3030 -2978
1 1391 -1482
1 1449 -1600
1 1524 -1723
1 1566 -1781
1 1688 -1931
1 1747 -1996
1 1962 -2214
1 2054 -2301
1 2271 -2492
1 2396 -2596
1 2503 -2678
1 2669 -2792
1 2782 -2863
1 2859 -2907
1 2995 -2966
1 3048 -2983
1 1381 -1457
1 1427 -1557
1 1460 -1620
1 1518 -1714
1 1601 -1825
1 1658 -1895
1 1783 -2034
1 2012 -2262
1 2117 -2359
1 2208 -2439
1 2339 -2549
1 2559 -2717
1 2645 -2776
1 2892 -2923
1 2960 -2953
1 3012 -2972
1 3079 -2987
1 2092 -2336
1 2169 -2406
1 2968 -2956
