1 3974 -4231
1 9616 -9807
1 6190 -7294
1 4632 -5519
1 8040 -8912
1 4154 -4738
1 5190 -6228
1 7033 -8086
1 8968 -9536
1 4038 -4484
1 4373 -5129
1 4899 -5870
1 5662 -6753
1 6665 -7751
1 7483 -8472
1 8576 -9293
1 9352 -9740
1 3986 -4317
1 4089 -4605
1 4266 -4948
1 4468 -5278
1 4778 -5715
1 5114 -6139
1 5442 -6512
1 5907 -7010
1 6444 -7542
1 6855 -7927
1 7350 -8360
1 7822 -8745
1 8400 -9172
1 8779 -9423
1 9226 -9676
1 9495 -9788
1 3979 -4285
1 4015 -4416
1 4065 -4552
1 4101 -4631
1 4228 -4879
1 4326 -5051
1 4434 -5226
1 4572 -5433
1 4665 -5564
1 4815 -5763
1 5027 -6031
1 5150 -6182
1 5316 -6371
1 5546 -6627
1 5821 -6921
1 5958 -7062
1 6388 -7488
1 6543 -7636
1 6771 -7850
1 6920 -7986
1 7156 -8193
1 7431 -8429
1 7619 -8583
1 7934 -8833
1 8234 -9053
1 8494 -9237
1 8662 -9350
1 8867 -9477
1 9118 -9618
1 9305 -9717
1 9428 -9768
1 9564 -9801
1 3977 -4270
1 3983 -4305
1 4001 -4370
1 4025 -4446
1 4051 -4518
1 4074 -4572
1 4129 -4688
1 4211 -4847
1 4250 -4919
1 4293 -4995
1 4345 -5083
1 4391 -5158
1 4526 -5365
1 4596 -5468
1 4712 -5627
1 4791 -5732
1 4866 -5828
1 4976 -5967
1 5084 -6102
1 5128 -6156
1 5183 -6220
1 5226 -6269
1 5389 -6453
1 5516 -6594
1 5610 -6697
1 5801 -6900
1 5875 -6977
1 6249 -7352
1 6417 -7516
1 6487 -7583
1 6597 -7687
1 6714 -7797
1 6809 -7885
1 6910 -7977
1 6957 -8019
1 7095 -8140
1 7279 -8299
1 7385 -8390
1 7582 -8553
1 7749 -8687
1 7907 -8812
1 7971 -8861
1 8216 -9040
1 8330 -9122
1 8436 -9197
1 8551 -9276
1 8627 -9327
1 8721 -9387
1 8842 -9462
1 8923 -9510
1 9019 -9564
1 9155 -9638
1 9274 -9701
1 9325 -9727
1 9390 -9755
1 9456 -9777
1 9524 -9794
1 9603 -9806
1 3975 -4245
1 3993 -4342
1 4004 -4380
1 4044 -4500
1 4057 -4533
1 4178 -4784
1 4303 -5012
1 4408 -5185
1 4553 -5405
1 4949 -5933
1 5101 -6123
1 5348 -6407
1 5488 -6563
1 5567 -6650
1 5634 -6723
1 5678 -6770
1 6344 -7445
1 6698 -7782
1 6974 -8034
1 7243 -8268
1 7418 -8418
1 7788 -8718
1 7860 -8775
1 8021 -8898
1 8277 -9084
1 8423 -9188
1 8713 -9382
1 8906 -9500
1 9196 -9660
1 9382 -9752
1 9470 -9781
1 9499 -9789
1 9541 -9797
1 9578 -9803
1 5451 -6522
1 5748 -6844
1 6297 -7399
