1 3389 -3499
1 8374 -8291
1 5537 -6376
1 4060 -4738
1 7194 -7702
1 3537 -3916
1 4806 -5624
1 6389 -7108
1 7860 -8099
1 3413 -3636
1 3728 -4249
1 4314 -5058
1 5169 -6014
1 5849 -6659
1 6845 -7453
1 7438 -7859
1 8193 -8249
1 3401 -3588
1 3470 -3780
1 3661 -4137
1 3903 -4516
1 4217 -4941
1 4580 -5369
1 5024 -5861
1 5343 -6188
1 5715 -6541
1 6134 -6899
1 6629 -7292
1 6968 -7543
1 7295 -7769
1 7713 -8021
1 8065 -8195
1 8292 -8280
1 3390 -3516
1 3406 -3614
1 3439 -3706
1 3484 -3811
1 3620 -4065
1 3683 -4174
1 3836 -4416
1 3968 -4610
1 4165 -4875
1 4263 -4997
1 4422 -5185
1 4698 -5503
1 4913 -5741
1 5117 -5960
1 5431 -6274
1 5606 -6441
1 5791 -6609
1 5945 -6741
1 6267 -7009
1 6463 -7166
1 6693 -7340
1 6931 -7516
1 7089 -7629
1 7249 -7739
1 7405 -7839
1 7556 -7929
1 7781 -8058
1 8001 -8166
1 8143 -8229
1 8250 -8268
1 8327 -8287
1 3395 -3550
1 3412 -3633
1 3425 -3669
1 3454 -3743
1 3511 -3865
1 3568 -3972
1 3641 -4102
1 3776 -4324
1 3857 -4448
1 3949 -4583
1 4010 -4669
1 4121 -4818
1 4221 -4946
1 4342 -5091
1 4536 -5318
1 4645 -5443
1 4746 -5557
1 4847 -5669
1 4959 -5791
1 5082 -5923
1 5136 -5980
1 5389 -6233
1 5485 -6326
1 5558 -6396
1 5647 -6479
1 5735 -6559
1 5870 -6677
1 6062 -6839
1 6222 -6972
1 6332 -7062
1 6526 -7214
1 6744 -7378
1 6860 -7464
1 7065 -7612
1 7159 -7678
1 7246 -7737
1 7353 -7806
1 7517 -7906
1 7682 -8003
1 7753 -8043
1 7825 -8081
1 7908 -8122
1 8034 -8181
1 8094 -8208
1 8170 -8240
1 8215 -8257
1 8267 -8273
1 8346 -8289
1 3399 -3576
1 3431 -3685
1 3443 -3716
1 3460 -3757
1 3587 -4006
1 3742 -4271
1 3800 -4361
1 3882 -4485
1 3938 -4567
1 3995 -4648
1 4031 -4698
1 4082 -4767
1 4148 -4853
1 4325 -5071
1 4399 -5158
1 4594 -5385
1 4660 -5460
1 4780 -5595
1 4826 -5646
1 5038 -5876
1 5591 -6427
1 5659 -6490
1 5754 -6576
1 5911 -6712
1 6007 -6793
1 6187 -6943
1 6289 -7027
1 6592 -7264
1 6818 -7433
1 7020 -7580
1 7172 -7687
1 7485 -7887
1 7624 -7969
1 7731 -8031
1 7852 -8095
1 7885 -8111
1 7946 -8140
1 8310 -8284
1 8320 -8286
1 3817 -4387
1 5067 -5907
1 5704 -6531
1 5782 -6601
1 6316 -7049
