Grid graph
 169 nodes
 312 arcs
 1 2 19 -29
 1 14 11 -23
 2 3 17 -13
 2 15 52 -27
 3 4 16 -66
 3 16 6 -19
 4 5 14 -6
 4 17 57 -64
 5 6 0 -3
 5 18 20 -24
 6 7 80 -20
 6 19 20 -80
 7 8 2 -1
 7 20 5 -9
 8 9 20 -10
 8 21 13 -17
 9 10 27 -42
 9 22 38 -23
 10 11 3 0
 10 23 47 -62
 11 12 0 -2
 11 24 54 -55
 12 13 88 -37
 12 25 58 -57
 13 26 55 -23
 14 15 10 -56
 14 27 2 -4
 15 16 40 -66
 15 28 57 -30
 16 17 45 -7
 16 29 80 -27
 17 18 13 -29
 17 30 78 -29
 18 19 50 -6
 18 31 34 -46
 19 20 40 -21
 19 32 0 -1
 20 21 16 -91
 20 33 13 -41
 21 22 7 -18
 21 34 24 -27
 22 23 24 -83
 22 35 9 -46
 23 24 16 -19
 23 36 3 -5
 24 25 11 -90
 24 37 4 0
 25 26 24 -36
 25 38 6 -4
 26 39 6 -59
 27 28 32 -86
 27 40 0 0
 28 29 85 -41
 28 41 61 -9
 29 30 14 -69
 29 42 3 -15
 30 31 16 -95
 30 43 16 -14
 31 32 39 -52
 31 44 2 -27
 32 33 1 0
 32 45 92 -13
 33 34 7 -38
 33 46 54 -6
 34 35 16 -70
 34 47 15 -3
 35 36 41 -43
 35 48 13 -29
 36 37 2 -22
 36 49 3 0
 37 38 15 -15
 37 50 41 -44
 38 39 58 -18
 38 51 41 -30
 39 52 28 -13
 40 41 82 -44
 40 53 12 -31
 41 42 67 -28
 41 54 11 -85
 42 43 26 -27
 42 55 18 -4
 43 44 76 -38
 43 56 26 -30
 44 45 43 -32
 44 57 30 -24
 45 46 17 -29
 45 58 0 0
 46 47 54 -23
 46 59 72 -20
 47 48 21 -68
 47 60 16 -5
 48 49 68 -56
 48 61 15 -4
 49 50 2 -12
 49 62 29 -66
 50 51 54 -64
 50 63 30 -15
 51 52 21 -22
 51 64 44 -43
 52 65 0 0
 53 54 10 -3
 53 66 26 -7
 54 55 16 -7
 54 67 62 -67
 55 56 85 -37
 55 68 13 -31
 56 57 12 -4
 56 69 38 -14
 57 58 53 -45
 57 70 32 -74
 58 59 9 -4
 58 71 7 -14
 59 60 25 -65
 59 72 55 -11
 60 61 78 -27
 60 73 15 -19
 61 62 29 -52
 61 74 26 -72
 62 63 24 -61
 62 75 22 -32
 63 64 13 -22
 63 76 13 -61
 64 65 64 -39
 64 77 43 -69
 65 78 26 -67
 66 67 89 -10
 66 79 0 -2
 67 68 8 -33
 67 80 2 -18
 68 69 3 -11
 68 81 73 -17
 69 70 30 -6
 69 82 52 -65
 70 71 31 -88
 70 83 20 -4
 71 72 20 -29
 71 84 37 -64
 72 73 25 -41
 72 85 82 -17
 73 74 39 -65
 73 86 8 -11
 74 75 39 -42
 74 87 63 -15
 75 76 66 -31
 75 88 47 -75
 76 77 4 -12
 76 89 20 -34
 77 78 7 -74
 77 90 0 -2
 78 91 27 -57
 79 80 9 -33
 79 92 23 -71
 80 81 56 -29
 80 93 60 -6
 81 82 1 -1
 81 94 79 -54
 82 83 13 -83
 82 95 1 -9
 83 84 17 -33
 83 96 86 -35
 84 85 78 -56
 84 97 13 -59
 85 86 17 -92
 85 98 50 -76
 86 87 49 -18
 86 99 9 -59
 87 88 62 -53
 87 100 54 -75
 88 89 26 -5
 88 101 4 -1
 89 90 2 -4
 89 102 21 -62
 90 91 71 -14
 90 103 42 -78
 91 104 21 -51
 92 93 34 -7
 92 105 3 -22
 93 94 9 -7
 93 106 73 -25
 94 95 17 -53
 94 107 36 -35
 95 96 60 -50
 95 108 31 -78
 96 97 2 -13
 96 109 76 -15
 97 98 33 -24
 97 110 58 -66
 98 99 23 -68
 98 111 93 -32
 99 100 56 -6
 99 112 34 -11
 100 101 32 -27
 100 113 34 -16
 101 102 0 0
 101 114 3 -7
 102 103 10 -7
 102 115 1 -5
 103 104 6 -2
 103 116 4 -21
 104 117 79 -14
 105 106 46 -56
 105 118 20 -14
 106 107 2 -5
 106 119 77 -16
 107 108 38 -68
 107 120 40 -27
 108 109 5 -57
 108 121 39 -9
 109 110 76 -22
 109 122 4 -36
 110 111 37 -63
 110 123 52 -59
 111 112 43 -17
 111 124 14 -48
 112 113 54 -20
 112 125 48 -85
 113 114 10 -61
 113 126 14 -20
 114 115 16 -18
 114 127 28 -67
 115 116 23 -84
 115 128 69 -55
 116 117 2 -8
 116 129 53 -22
 117 130 66 -53
 118 119 13 -14
 118 131 10 -37
 119 120 62 -29
 119 132 7 -2
 120 121 82 -10
 120 133 85 -34
 121 122 5 -20
 121 134 22 -19
 122 123 27 -36
 122 135 51 -67
 123 124 14 -22
 123 136 24 -47
 124 125 5 -8
 124 137 43 -32
 125 126 2 -23
 125 138 32 -39
 126 127 22 -64
 126 139 38 -18
 127 128 23 -43
 127 140 57 -65
 128 129 20 -17
 128 141 18 -7
 129 130 29 -37
 129 142 58 -31
 130 143 3 -17
 131 132 18 -9
 131 144 1 0
 132 133 3 -13
 132 145 82 -25
 133 134 18 -12
 133 146 35 -20
 134 135 18 -27
 134 147 6 -6
 135 136 1 -9
 135 148 11 -11
 136 137 0 -2
 136 149 0 0
 137 138 50 -40
 137 150 36 -4
 138 139 48 -17
 138 151 15 -36
 139 140 6 -36
 139 152 15 -55
 140 141 42 -3
 140 153 27 -12
 141 142 18 -56
 141 154 34 -8
 142 143 68 -25
 142 155 1 -2
 143 156 42 -47
 144 145 47 -13
 144 157 28 -63
 145 146 55 -23
 145 158 24 -9
 146 147 21 -24
 146 159 1 -4
 147 148 22 -26
 147 160 28 -3
 148 149 24 -41
 148 161 4 -15
 149 150 44 -51
 149 162 25 -25
 150 151 0 -4
 150 163 50 -7
 151 152 75 -38
 151 164 2 -3
 152 153 21 -2
 152 165 51 -12
 153 154 13 -70
 153 166 21 -25
 154 155 7 -62
 154 167 89 -26
 155 156 46 -23
 155 168 90 -22
 156 169 37 -50
 157 158 69 -37
 158 159 65 -19
 159 160 26 -19
 160 161 47 -34
 161 162 4 -41
 162 163 28 -4
 163 164 62 -9
 164 165 90 -19
 165 166 38 -24
 166 167 51 -18
 167 168 25 -43
 168 169 34 -86
