1 1520 -1525
1 3228 -3236
1 2090 -2329
1 1709 -1885
1 2828 -3002
1 1561 -1646
1 1923 -2153
1 2447 -2673
1 3050 -3157
1 1536 -1591
1 1630 -1769
1 1786 -1992
1 1962 -2196
1 2233 -2471
1 2602 -2812
1 2934 -3082
1 3142 -3206
1 1523 -1547
1 1546 -1615
1 1622 -1756
1 1658 -1812
1 1746 -1937
1 1823 -2036
1 1947 -2180
1 2025 -2262
1 2174 -2413
1 2396 -2626
1 2538 -2755
1 2713 -2907
1 2886 -3048
1 2967 -3105
1 3101 -3186
1 3189 -3226
1 1522 -1542
1 1531 -1575
1 1538 -1596
1 1555 -1634
1 1608 -1731
1 1685 -1851
1 1736 -1923
1 1790 -1997
1 1905 -2132
1 2001 -2237
1 2053 -2291
1 2300 -2535
1 2499 -2720
1 2593 -2804
1 2645 -2849
1 2771 -2955
1 2867 -3033
1 2995 -3123
1 3181 -3223
1 3205 -3231
1 1582 -1684
1 1692 -1861
1 1806 -2016
1 1858 -2077
1 2259 -2496
1 2360 -2592
1 2700 -2896
1 3024 -3141
