Grid graph
 196 nodes
 364 arcs
 1 2 12 -12
 1 15 32 -58
 2 3 37 -92
 2 16 37 -28
 3 4 69 -13
 3 17 6 -73
 4 5 34 -70
 4 18 73 -20
 5 6 8 -10
 5 19 18 -22
 6 7 40 -11
 6 20 59 -66
 7 8 18 -9
 7 21 24 -60
 8 9 1 0
 8 22 54 -5
 9 10 32 -75
 9 23 19 -24
 10 11 55 -82
 10 24 52 -30
 11 12 0 -2
 11 25 53 -28
 12 13 40 -89
 12 26 11 -1
 13 14 32 -13
 13 27 20 -89
 14 28 8 -1
 15 16 39 -68
 15 29 5 -37
 16 17 18 -93
 16 30 86 -18
 17 18 10 -58
 17 31 21 -86
 18 19 27 -26
 18 32 71 -50
 19 20 67 -38
 19 33 12 -13
 20 21 8 -93
 20 34 34 -50
 21 22 26 -18
 21 35 10 -14
 22 23 3 -9
 22 36 88 -36
 23 24 55 -73
 23 37 8 -35
 24 25 46 -40
 24 38 19 -6
 25 26 18 -36
 25 39 27 -30
 26 27 51 -77
 26 40 13 -72
 27 28 14 -13
 27 41 23 -19
 28 42 20 -3
 29 30 26 -56
 29 43 30 -22
 30 31 32 -90
 30 44 0 0
 31 32 1 -2
 31 45 57 -47
 32 33 23 -7
 32 46 78 -50
 33 34 32 -60
 33 47 18 -42
 34 35 4 -33
 34 48 30 -59
 35 36 20 -6
 35 49 25 -42
 36 37 18 -73
 36 50 1 -4
 37 38 7 -61
 37 51 89 -44
 38 39 19 -96
 38 52 37 -13
 39 40 88 -9
 39 53 4 0
 40 41 7 -11
 40 54 20 -43
 41 42 81 -8
 41 55 12 -47
 42 56 35 -18
 43 44 6 -10
 43 57 78 -17
 44 45 71 -11
 44 58 45 -82
 45 46 60 -61
 45 59 75 -57
 46 47 32 -30
 46 60 46 -18
 47 48 40 -58
 47 61 25 -35
 48 49 7 -50
 48 62 25 -19
 49 50 40 -12
 49 63 30 -29
 50 51 51 -61
 50 64 5 -4
 51 52 6 -13
 51 65 26 -3
 52 53 5 -17
 52 66 37 -27
 53 54 43 -17
 53 67 46 -17
 54 55 1 -8
 54 68 8 -4
 55 56 34 -20
 55 69 49 -81
 56 70 28 -43
 57 58 54 -35
 57 71 41 -45
 58 59 33 -14
 58 72 7 -15
 59 60 14 -26
 59 73 96 -21
 60 61 14 -44
 60 74 53 -81
 61 62 31 -16
 61 75 10 -56
 62 63 23 -53
 62 76 10 -32
 63 64 49 -79
 63 77 56 -42
 64 65 52 -76
 64 78 14 -68
 65 66 60 -53
 65 79 48 -26
 66 67 11 -87
 66 80 35 -18
 67 68 46 -15
 67 81 10 -22
 68 69 21 -4
 68 82 79 -15
 69 70 70 -13
 69 83 42 -84
 70 84 50 -6
 71 72 13 -97
 71 85 0 0
 72 73 14 -32
 72 86 96 -9
 73 74 34 -19
 73 87 58 -25
 74 75 35 -11
 74 88 31 -7
 75 76 4 -40
 75 89 14 -23
 76 77 5 -2
 76 90 38 -54
 77 78 42 -4
 77 91 78 -25
 78 79 6 -35
 78 92 72 -36
 79 80 70 -69
 79 93 25 -28
 80 81 58 -9
 80 94 56 -11
 81 82 16 -79
 81 95 16 -50
 82 83 29 -68
 82 96 14 -48
 83 84 13 -13
 83 97 57 -6
 84 98 11 -16
 85 86 31 -25
 85 99 1 -1
 86 87 10 -39
 86 100 3 -2
 87 88 19 -2
 87 101 17 -51
 88 89 0 -2
 88 102 79 -45
 89 90 18 -16
 89 103 39 -75
 90 91 56 -74
 90 104 41 -6
 91 92 54 -65
 91 105 0 -2
 92 93 40 -9
 92 106 12 -27
 93 94 5 -10
 93 107 21 -76
 94 95 74 -25
 94 108 30 -3
 95 96 64 -9
 95 109 0 0
 96 97 21 -24
 96 110 49 -25
 97 98 2 -7
 97 111 59 -64
 98 112 28 -40
 99 100 25 -52
 99 113 17 -30
 100 101 0 0
 100 114 17 -17
 101 102 22 -31
 101 115 7 -68
 102 103 68 -46
 102 116 42 -65
 103 104 47 -22
 103 117 57 -33
 104 105 8 -17
 104 118 36 -72
 105 106 2 -8
 105 119 80 -24
 106 107 20 -83
 106 120 16 -40
 107 108 69 -9
 107 121 3 -33
 108 109 33 -31
 108 122 20 -25
 109 110 9 -3
 109 123 52 -16
 110 111 7 -1
 110 124 9 -10
 111 112 58 -7
 111 125 25 -12
 112 126 4 -15
 113 114 50 -22
 113 127 57 -50
 114 115 33 -88
 114 128 6 -57
 115 116 94 -15
 115 129 26 -25
 116 117 3 -11
 116 130 92 -11
 117 118 65 -72
 117 131 24 -74
 118 119 68 -58
 118 132 2 -18
 119 120 40 -64
 119 133 83 -52
 120 121 65 -10
 120 134 20 -61
 121 122 41 -17
 121 135 43 -76
 122 123 48 -29
 122 136 2 -19
 123 124 63 -70
 123 137 61 -31
 124 125 6 -52
 124 138 24 -4
 125 126 44 -66
 125 139 47 -78
 126 140 99 -9
 127 128 14 -41
 127 141 75 -61
 128 129 85 -33
 128 142 38 -20
 129 130 31 -51
 129 143 46 -88
 130 131 56 -57
 130 144 85 -21
 131 132 29 -86
 131 145 15 -18
 132 133 11 -25
 132 146 65 -73
 133 134 56 -46
 133 147 82 -29
 134 135 11 -12
 134 148 7 -13
 135 136 18 -67
 135 149 15 -34
 136 137 38 -11
 136 150 40 -27
 137 138 20 -14
 137 151 54 -57
 138 139 12 -56
 138 152 2 0
 139 140 20 -37
 139 153 10 -5
 140 154 3 -29
 141 142 22 -53
 141 155 79 -19
 142 143 53 -68
 142 156 15 -17
 143 144 66 -71
 143 157 4 -27
 144 145 13 -50
 144 158 29 -55
 145 146 4 -1
 145 159 5 -27
 146 147 22 -60
 146 160 43 -12
 147 148 38 -22
 147 161 11 -45
 148 149 9 -30
 148 162 1 -1
 149 150 23 -5
 149 163 48 -16
 150 151 13 -81
 150 164 49 -71
 151 152 21 -17
 151 165 77 -29
 152 153 18 -65
 152 166 38 -65
 153 154 63 -14
 153 167 45 -20
 154 168 1 -3
 155 156 7 -37
 155 169 9 -5
 156 157 14 -28
 156 170 82 -31
 157 158 39 -47
 157 171 65 -9
 158 159 66 -57
 158 172 26 -44
 159 160 24 -68
 159 173 20 -35
 160 161 70 -52
 160 174 82 -13
 161 162 76 -23
 161 175 26 -41
 162 163 8 -1
 162 176 12 -24
 163 164 26 -25
 163 177 19 -65
 164 165 4 -5
 164 178 20 -41
 165 166 3 -25
 165 179 69 -52
 166 167 53 -24
 166 180 11 -61
 167 168 82 -40
 167 181 4 -22
 168 182 10 -75
 169 170 26 -35
 169 183 3 -13
 170 171 0 0
 170 184 13 -98
 171 172 59 -34
 171 185 4 -1
 172 173 39 -21
 172 186 14 -62
 173 174 26 -36
 173 187 10 -20
 174 175 64 -10
 174 188 71 -41
 175 176 1 -6
 175 189 25 -2
 176 177 15 -23
 176 190 87 -42
 177 178 15 -62
 177 191 14 -9
 178 179 10 -14
 178 192 30 -18
 179 180 36 -81
 179 193 44 -30
 180 181 15 -29
 180 194 17 -9
 181 182 37 -34
 181 195 7 -12
 182 196 27 -32
 183 184 10 -11
 184 185 23 -24
 185 186 40 -28
 186 187 58 -25
 187 188 89 -41
 188 189 26 -6
 189 190 79 -42
 190 191 5 -9
 191 192 4 -15
 192 193 12 -47
 193 194 63 -24
 194 195 26 -24
 195 196 44 -43
