1 2771 -4997
1 7247 -9090
1 4085 -7803
1 3148 -6496
1 5718 -8781
1 2869 -5672
1 3478 -7083
1 4775 -8306
1 6558 -9031
1 2784 -5232
1 3042 -6254
1 3358 -6891
1 3768 -7467
1 4401 -8058
1 5327 -8597
1 6155 -8934
1 6890 -9073
1 2777 -5129
1 2823 -5464
1 2954 -5972
1 3076 -6338
1 3238 -6674
1 3399 -6962
1 3624 -7283
1 3912 -7627
1 4216 -7916
1 4627 -8216
1 5039 -8449
1 5539 -8702
1 5989 -8882
1 6395 -8995
1 6745 -9058
1 7064 -9083
1 2782 -5208
1 2805 -5367
1 2840 -5547
1 2890 -5751
1 2989 -6086
1 3054 -6285
1 3105 -6403
1 3187 -6575
1 3314 -6812
1 3381 -6931
1 3448 -7039
1 3569 -7209
1 3728 -7418
1 3839 -7549
1 4024 -7743
1 4155 -7865
1 4335 -8009
1 4453 -8095
1 4646 -8228
1 4849 -8348
1 5160 -8512
1 5427 -8647
1 5644 -8750
1 5874 -8840
1 6080 -8911
1 6297 -8971
1 6485 -9016
1 6622 -9041
1 6791 -9063
1 6945 -9077
1 7153 -9087
1 2795 -5305
1 2818 -5438
1 2829 -5494
1 2853 -5604
1 2928 -5883
1 2973 -6034
1 3014 -6166
1 3048 -6270
1 3126 -6449
1 3165 -6531
1 3210 -6620
1 3282 -6754
1 3329 -6839
1 3416 -6989
1 3516 -7136
1 3586 -7232
1 3649 -7316
1 3741 -7434
1 3810 -7516
1 3882 -7595
1 3989 -7707
1 4064 -7783
1 4123 -7837
1 4175 -7882
1 4270 -7959
1 4374 -8038
1 4419 -8071
1 4585 -8187
1 4638 -8223
1 4720 -8273
1 4829 -8337
1 4967 -8411
1 5102 -8482
1 5260 -8563
1 5496 -8681
1 5752 -8794
1 5920 -8857
1 6039 -8898
1 6106 -8919
1 6211 -8949
1 6362 -8987
1 6458 -9010
1 6509 -9021
1 6575 -9034
1 6693 -9051
1 6840 -9068
1 7003 -9080
1 7106 -9085
1 2807 -5378
1 2842 -5556
1 2915 -5838
1 2935 -5907
1 3696 -7377
1 3785 -7487
1 3962 -7679
1 4231 -7928
1 4598 -8196
1 4794 -8317
1 4922 -8387
1 5207 -8536
1 5858 -8834
1 5931 -8861
1 5992 -8883
1 2896 -5772
1 5797 -8811
