Grid graph
 225 nodes
 420 arcs
 1 2 22 -61
 1 16 25 -17
 2 3 15 -17
 2 17 40 -10
 3 4 61 -22
 3 18 3 -7
 4 5 7 -78
 4 19 16 -75
 5 6 23 -69
 5 20 69 -35
 6 7 52 -18
 6 21 4 -5
 7 8 25 -23
 7 22 89 -8
 8 9 11 -12
 8 23 14 -83
 9 10 30 -92
 9 24 83 -51
 10 11 14 -21
 10 25 30 -46
 11 12 56 -76
 11 26 34 -27
 12 13 10 -14
 12 27 9 -40
 13 14 16 -76
 13 28 35 -20
 14 15 62 -43
 14 29 20 -9
 15 30 20 -58
 16 17 10 -98
 16 31 56 -25
 17 18 97 -17
 17 32 33 -9
 18 19 38 -7
 18 33 11 -66
 19 20 75 -38
 19 34 36 -72
 20 21 7 -5
 20 35 14 -44
 21 22 3 0
 21 36 8 -13
 22 23 1 0
 22 37 10 -1
 23 24 93 -34
 23 38 15 -14
 24 25 25 -58
 24 39 3 -13
 25 26 75 -34
 25 40 0 0
 26 27 37 -87
 26 41 6 -18
 27 28 2 -29
 27 42 38 -50
 28 29 10 -72
 28 43 43 -60
 29 30 65 -49
 29 44 6 -6
 30 45 67 -71
 31 32 62 -11
 31 46 11 -35
 32 33 40 -64
 32 47 5 -27
 33 34 5 -4
 33 48 64 -69
 34 35 80 -49
 34 49 12 -40
 35 36 28 -72
 35 50 12 -53
 36 37 3 -4
 36 51 4 -11
 37 38 3 0
 37 52 26 -26
 38 39 7 -9
 38 53 26 -67
 39 40 26 -85
 39 54 44 -39
 40 41 45 -34
 40 55 6 -3
 41 42 2 -20
 41 56 8 -14
 42 43 66 -28
 42 57 74 -34
 43 44 37 -90
 43 58 24 -7
 44 45 8 -2
 44 59 15 -7
 45 60 1 -7
 46 47 28 -56
 46 61 15 -46
 47 48 42 -25
 47 62 23 -33
 48 49 63 -52
 48 63 50 -55
 49 50 23 -11
 49 64 80 -28
 50 51 37 -25
 50 65 47 -39
 51 52 12 -10
 51 66 50 -15
 52 53 35 -50
 52 67 10 -62
 53 54 15 -68
 53 68 4 -41
 54 55 2 -1
 54 69 2 -2
 55 56 12 -91
 55 70 9 -10
 56 57 41 -56
 56 71 36 -7
 57 58 44 -32
 57 72 2 -17
 58 59 9 -83
 58 73 26 -7
 59 60 72 -13
 59 74 14 -3
 60 75 49 -28
 61 62 29 -42
 61 76 59 -23
 62 63 21 -30
 62 77 4 0
 63 64 0 -1
 63 78 16 -46
 64 65 12 -6
 64 79 43 -42
 65 66 57 -24
 65 80 11 -4
 66 67 38 -28
 66 81 17 -5
 67 68 9 -43
 67 82 39 -59
 68 69 72 -7
 68 83 14 -14
 69 70 37 -64
 69 84 4 -41
 70 71 82 -35
 70 85 4 -4
 71 72 46 -11
 71 86 50 -46
 72 73 2 -4
 72 87 16 -11
 73 74 21 -35
 73 88 25 -50
 74 75 2 -12
 74 89 16 -43
 75 90 27 -43
 76 77 63 -65
 76 91 32 -36
 77 78 24 -47
 77 92 45 -57
 78 79 12 -12
 78 93 3 -1
 79 80 41 -21
 79 94 68 -9
 80 81 48 -45
 80 95 17 -90
 81 82 37 -8
 81 96 75 -52
 82 83 14 -57
 82 97 30 -6
 83 84 84 -16
 83 98 74 -22
 84 85 56 -48
 84 99 92 -31
 85 86 67 -30
 85 100 20 -8
 86 87 36 -15
 86 101 5 -5
 87 88 30 -44
 87 102 15 -1
 88 89 20 -65
 88 103 11 -6
 89 90 13 -6
 89 104 43 -7
 90 105 38 -57
 91 92 0 0
 91 106 44 -80
 92 93 35 -13
 92 107 68 -12
 93 94 8 -1
 93 108 46 -19
 94 95 7 0
 94 109 7 -25
 95 96 13 -63
 95 110 42 -14
 96 97 6 -4
 96 111 45 -42
 97 98 12 -8
 97 112 3 0
 98 99 68 -35
 98 113 7 -31
 99 100 75 -12
 99 114 65 -74
 100 101 52 -49
 100 115 0 0
 101 102 15 -85
 101 116 15 -93
 102 103 34 -50
 102 117 90 -33
 103 104 58 -15
 103 118 52 -48
 104 105 38 -91
 104 119 23 -23
 105 120 24 -42
 106 107 3 -9
 106 121 18 -4
 107 108 50 -32
 107 122 40 -56
 108 109 45 -70
 108 123 16 -27
 109 110 21 -32
 109 124 31 -57
 110 111 19 -87
 110 125 62 -31
 111 112 7 -23
 111 126 12 -86
 112 113 9 -28
 112 127 48 -34
 113 114 9 -1
 113 128 11 -21
 114 115 10 -82
 114 129 20 -30
 115 116 42 -59
 115 130 7 -33
 116 117 71 -32
 116 131 58 -31
 117 118 22 -52
 117 132 34 -27
 118 119 36 -37
 118 133 68 -54
 119 120 53 -70
 119 134 95 -10
 120 135 53 -30
 121 122 69 -43
 121 136 34 -21
 122 123 9 -23
 122 137 42 -41
 123 124 71 -63
 123 138 27 -40
 124 125 35 -15
 124 139 94 -9
 125 126 17 -14
 125 140 6 -5
 126 127 22 -57
 126 141 63 -8
 127 128 11 -9
 127 142 91 -13
 128 129 34 -43
 128 143 32 -32
 129 130 21 -9
 129 144 41 -6
 130 131 79 -28
 130 145 91 -19
 131 132 56 -64
 131 146 23 -21
 132 133 1 -2
 132 147 1 -1
 133 134 63 -45
 133 148 4 -12
 134 135 12 -2
 134 149 73 -65
 135 150 80 -30
 136 137 26 -31
 136 151 26 -25
 137 138 27 -50
 137 152 23 -33
 138 139 6 -51
 138 153 22 -74
 139 140 78 -37
 139 154 48 -79
 140 141 17 -88
 140 155 27 -26
 141 142 86 -19
 141 156 75 -51
 142 143 4 -7
 142 157 8 -22
 143 144 12 -4
 143 158 45 -29
 144 145 14 -61
 144 159 4 -17
 145 146 65 -49
 145 160 6 -44
 146 147 72 -20
 146 161 22 -13
 147 148 16 -16
 147 162 47 -40
 148 149 37 -38
 148 163 15 -8
 149 150 76 -23
 149 164 46 -34
 150 165 11 -6
 151 152 5 -1
 151 166 65 -46
 152 153 3 -18
 152 167 31 -65
 153 154 60 -47
 153 168 33 -11
 154 155 50 -34
 154 169 24 -85
 155 156 35 -27
 155 170 29 -75
 156 157 65 -7
 156 171 6 -16
 157 158 35 -39
 157 172 11 -17
 158 159 35 -50
 158 173 34 -74
 159 160 58 -51
 159 174 21 -46
 160 161 8 -65
 160 175 21 -57
 161 162 55 -72
 161 176 98 -15
 162 163 3 -31
 162 177 32 -27
 163 164 3 -8
 163 178 33 -5
 164 165 83 -23
 164 179 7 -7
 165 180 12 -28
 166 167 58 -50
 166 181 28 -20
 167 168 26 -21
 167 182 5 -35
 168 169 65 -7
 168 183 1 -1
 169 170 9 -14
 169 184 4 -12
 170 171 6 -1
 170 185 0 0
 171 172 51 -23
 171 186 31 -12
 172 173 31 -16
 172 187 57 -80
 173 174 63 -51
 173 188 13 -13
 174 175 33 -17
 174 189 51 -31
 175 176 4 -15
 175 190 18 -52
 176 177 78 -62
 176 191 29 -18
 177 178 69 -34
 177 192 10 -15
 178 179 8 -53
 178 193 53 -19
 179 180 8 -53
 179 194 31 -18
 180 195 25 -41
 181 182 40 -53
 181 196 40 -91
 182 183 64 -20
 182 197 64 -45
 183 184 9 -22
 183 198 26 -43
 184 185 19 -3
 184 199 86 -33
 185 186 39 -29
 185 200 5 -4
 186 187 17 -51
 186 201 32 -68
 187 188 12 -50
 187 202 24 -21
 188 189 52 -67
 188 203 11 -25
 189 190 3 -3
 189 204 36 -79
 190 191 11 -32
 190 205 8 -17
 191 192 30 -42
 191 206 55 -40
 192 193 1 -13
 192 207 23 -77
 193 194 65 -42
 193 208 19 -47
 194 195 2 -10
 194 209 48 -31
 195 210 21 -28
 196 197 97 -10
 196 211 4 -20
 197 198 2 -19
 197 212 50 -66
 198 199 1 -1
 198 213 10 -2
 199 200 14 -25
 199 214 37 -42
 200 201 8 -8
 200 215 6 -71
 201 202 70 -7
 201 216 12 -22
 202 203 45 -6
 202 217 9 -62
 203 204 12 -4
 203 218 30 -25
 204 205 19 -17
 204 219 36 -29
 205 206 40 -49
 205 220 31 -43
 206 207 30 -4
 206 221 45 -40
 207 208 4 -9
 207 222 7 -17
 208 209 76 -40
 208 223 44 -35
 209 210 60 -27
 209 224 6 -60
 210 225 40 -5
 211 212 35 -42
 212 213 6 -43
 213 214 8 -19
 214 215 32 -9
 215 216 13 -62
 216 217 10 -94
 217 218 68 -41
 218 219 6 -1
 219 220 14 -94
 220 221 26 -6
 221 222 26 -8
 222 223 5 -28
 223 224 0 -1
 224 225 7 -11
