1 2663 -2812
1 6089 -6075
1 4020 -4655
1 3037 -3560
1 5154 -5608
1 3530 -4158
1 4687 -5246
1 5740 -5959
1 2711 -2977
1 2888 -3334
1 3258 -3843
1 3772 -4410
1 4345 -4951
1 4972 -5475
1 5523 -5845
1 5931 -6042
1 2672 -2860
1 2767 -3105
1 2854 -3279
1 2949 -3429
1 3156 -3717
1 3422 -4037
1 3605 -4239
1 3909 -4547
1 4143 -4769
1 4460 -5052
1 4828 -5362
1 5055 -5537
1 5371 -5751
1 5588 -5881
1 5857 -6012
1 6011 -6065
1 2669 -2849
1 2690 -2920
1 2723 -3007
1 2811 -3195
1 2849 -3270
1 2873 -3310
1 2911 -3370
1 3004 -3512
1 3104 -3650
1 3201 -3773
1 3351 -3954
1 3470 -4091
1 3559 -4190
1 3714 -4351
1 3952 -4589
1 4097 -4727
1 4219 -4838
1 4397 -4997
1 4616 -5186
1 4746 -5295
1 4905 -5423
1 5029 -5518
1 5131 -5592
1 5247 -5670
1 5410 -5776
1 5553 -5862
1 5714 -5946
1 5777 -5977
1 5895 -6028
1 5970 -6054
1 6037 -6069
1 2664 -2820
1 2684 -2901
1 2700 -2948
1 2787 -3146
1 2838 -3249
1 2992 -3494
1 3021 -3537
1 3077 -3614
1 3142 -3699
1 3164 -3727
1 3227 -3805
1 3308 -3903
1 3385 -3994
1 3429 -4045
1 3636 -4271
1 4053 -4686
1 4165 -4789
1 4269 -4883
1 4421 -5018
1 4525 -5108
1 4642 -5208
1 4729 -5281
1 4801 -5340
1 4872 -5397
1 4914 -5430
1 5017 -5509
1 5343 -5733
1 5467 -5811
1 5530 -5849
1 5677 -5927
1 5802 -5988
1 5864 -6015
1 5920 -6038
1 5953 -6049
1 5996 -6061
1 6023 -6067
1 6079 -6074
1 2666 -2832
1 2703 -2956
1 3054 -3583
1 3324 -3922
1 3397 -4008
1 3674 -4310
1 4298 -4909
1 4843 -5374
1 5288 -5697
1 5423 -5784
1 5490 -5825
1 5646 -5911
1 6045 -6070
