Grid graph
 196 nodes
 364 arcs
 1 2 18 -22
 1 15 61 -73
 2 3 50 -38
 2 16 46 -65
 3 4 39 -35
 3 17 52 -38
 4 5 51 -63
 4 18 43 -51
 5 6 19 -18
 5 19 32 -24
 6 7 29 -39
 6 20 2 -3
 7 8 21 -24
 7 21 0 0
 8 9 79 -57
 8 22 30 -34
 9 10 45 -40
 9 23 0 0
 10 11 5 -4
 10 24 24 -21
 11 12 44 -38
 11 25 49 -62
 12 13 23 -31
 12 26 17 -18
 13 14 35 -44
 13 27 66 -49
 14 28 14 -13
 15 16 4 -4
 15 29 25 -21
 16 17 52 -72
 16 30 25 -29
 17 18 32 -43
 17 31 7 -9
 18 19 46 -58
 18 32 73 -56
 19 20 9 -7
 19 33 9 -7
 20 21 65 -65
 20 34 36 -39
 21 22 55 -67
 21 35 52 -42
 22 23 49 -57
 22 36 34 -41
 23 24 48 -68
 23 37 43 -30
 24 25 9 -12
 24 38 28 -26
 25 26 18 -24
 25 39 36 -47
 26 27 43 -56
 26 40 36 -38
 27 28 41 -48
 27 41 50 -67
 28 42 27 -26
 29 30 24 -34
 29 43 31 -31
 30 31 26 -34
 30 44 31 -39
 31 32 4 -6
 31 45 27 -25
 32 33 40 -41
 32 46 14 -13
 33 34 4 -4
 33 47 16 -15
 34 35 11 -12
 34 48 29 -39
 35 36 40 -56
 35 49 55 -51
 36 37 39 -35
 36 50 38 -48
 37 38 16 -16
 37 51 78 -59
 38 39 54 -44
 38 52 24 -20
 39 40 80 -56
 39 53 13 -18
 40 41 49 -46
 40 54 57 -58
 41 42 59 -67
 41 55 64 -75
 42 56 27 -37
 43 44 26 -37
 43 57 22 -21
 44 45 21 -25
 44 58 39 -51
 45 46 51 -66
 45 59 15 -22
 46 47 59 -78
 46 60 42 -32
 47 48 52 -43
 47 61 54 -53
 48 49 32 -36
 48 62 0 0
 49 50 2 -1
 49 63 28 -37
 50 51 31 -31
 50 64 30 -28
 51 52 41 -42
 51 65 18 -25
 52 53 11 -13
 52 66 8 -8
 53 54 68 -59
 53 67 19 -24
 54 55 44 -52
 54 68 40 -40
 55 56 72 -55
 55 69 59 -46
 56 70 36 -26
 57 58 8 -6
 57 71 25 -22
 58 59 60 -60
 58 72 42 -58
 59 60 52 -37
 59 73 68 -59
 60 61 10 -10
 60 74 34 -43
 61 62 55 -50
 61 75 52 -38
 62 63 25 -33
 62 76 36 -29
 63 64 39 -35
 63 77 53 -44
 64 65 61 -43
 64 78 36 -42
 65 66 51 -48
 65 79 10 -8
 66 67 3 -4
 66 80 31 -31
 67 68 3 -4
 67 81 21 -17
 68 69 63 -50
 68 82 4 -4
 69 70 46 -42
 69 83 13 -11
 70 84 68 -49
 71 72 8 -9
 71 85 47 -48
 72 73 44 -63
 72 86 13 -17
 73 74 9 -6
 73 87 64 -64
 74 75 46 -46
 74 88 64 -55
 75 76 6 -6
 75 89 53 -51
 76 77 49 -56
 76 90 1 -2
 77 78 3 -4
 77 91 34 -37
 78 79 30 -25
 78 92 13 -9
 79 80 64 -54
 79 93 56 -45
 80 81 44 -37
 80 94 3 -2
 81 82 69 -51
 81 95 24 -23
 82 83 21 -24
 82 96 24 -17
 83 84 54 -65
 83 97 27 -36
 84 98 30 -34
 85 86 19 -26
 85 99 30 -31
 86 87 17 -23
 86 100 6 -5
 87 88 1 -1
 87 101 43 -48
 88 89 51 -61
 88 102 2 -2
 89 90 50 -69
 89 103 19 -17
 90 91 4 -3
 90 104 31 -25
 91 92 70 -64
 91 105 61 -70
 92 93 51 -61
 92 106 70 -69
 93 94 30 -27
 93 107 43 -60
 94 95 52 -62
 94 108 42 -41
 95 96 10 -11
 95 109 0 0
 96 97 54 -65
 96 110 23 -21
 97 98 49 -65
 97 111 68 -49
 98 112 73 -53
 99 100 22 -20
 99 113 40 -41
 100 101 8 -8
 100 114 27 -36
 101 102 48 -51
 101 115 0 0
 102 103 5 -4
 102 116 64 -64
 103 104 55 -58
 103 117 47 -67
 104 105 16 -13
 104 118 42 -57
 105 106 15 -15
 105 119 33 -36
 106 107 27 -29
 106 120 32 -35
 107 108 49 -58
 107 121 57 -40
 108 109 57 -40
 108 122 9 -11
 109 110 57 -50
 109 123 64 -69
 110 111 15 -11
 110 124 19 -20
 111 112 5 -5
 111 125 25 -21
 112 126 0 0
 113 114 7 -6
 113 127 7 -9
 114 115 40 -39
 114 128 13 -16
 115 116 48 -53
 115 129 64 -52
 116 117 37 -37
 116 130 10 -15
 117 118 33 -31
 117 131 13 -11
 118 119 33 -46
 118 132 54 -61
 119 120 13 -11
 119 133 39 -30
 120 121 8 -11
 120 134 36 -43
 121 122 18 -18
 121 135 31 -27
 122 123 58 -80
 122 136 69 -67
 123 124 4 -4
 123 137 16 -13
 124 125 66 -65
 124 138 7 -8
 125 126 12 -10
 125 139 6 -8
 126 140 33 -44
 127 128 13 -12
 127 141 43 -34
 128 129 35 -40
 128 142 53 -41
 129 130 23 -21
 129 143 20 -26
 130 131 29 -23
 130 144 35 -35
 131 132 29 -21
 131 145 19 -18
 132 133 49 -54
 132 146 49 -63
 133 134 45 -33
 133 147 60 -65
 134 135 18 -16
 134 148 29 -24
 135 136 15 -15
 135 149 50 -38
 136 137 72 -61
 136 150 10 -13
 137 138 39 -55
 137 151 53 -74
 138 139 44 -53
 138 152 76 -54
 139 140 49 -51
 139 153 15 -17
 140 154 29 -41
 141 142 13 -13
 141 155 50 -43
 142 143 14 -15
 142 156 36 -28
 143 144 67 -60
 143 157 3 -3
 144 145 55 -74
 144 158 38 -49
 145 146 20 -23
 145 159 10 -8
 146 147 73 -65
 146 160 51 -40
 147 148 39 -30
 147 161 55 -71
 148 149 34 -26
 148 162 67 -48
 149 150 13 -10
 149 163 18 -24
 150 151 65 -56
 150 164 6 -8
 151 152 25 -34
 151 165 29 -28
 152 153 13 -17
 152 166 63 -49
 153 154 39 -53
 153 167 19 -24
 154 168 24 -27
 155 156 36 -36
 155 169 25 -26
 156 157 48 -45
 156 170 54 -64
 157 158 14 -18
 157 171 9 -8
 158 159 19 -27
 158 172 21 -26
 159 160 56 -63
 159 173 21 -29
 160 161 31 -32
 160 174 23 -16
 161 162 3 -3
 161 175 19 -18
 162 163 5 -6
 162 176 46 -61
 163 164 57 -59
 163 177 33 -38
 164 165 46 -65
 164 178 5 -6
 165 166 58 -44
 165 179 26 -28
 166 167 27 -31
 166 180 6 -9
 167 168 22 -21
 167 181 7 -10
 168 182 37 -28
 169 170 38 -50
 169 183 36 -35
 170 171 2 -3
 170 184 42 -41
 171 172 43 -40
 171 185 79 -59
 172 173 55 -62
 172 186 20 -26
 173 174 44 -38
 173 187 70 -50
 174 175 54 -61
 174 188 36 -51
 175 176 36 -41
 175 189 28 -26
 176 177 27 -19
 176 190 57 -47
 177 178 20 -28
 177 191 16 -20
 178 179 53 -70
 178 192 1 -1
 179 180 23 -31
 179 193 4 -5
 180 181 54 -56
 180 194 35 -34
 181 182 8 -9
 181 195 64 -59
 182 196 20 -20
 183 184 20 -27
 184 185 33 -31
 185 186 26 -36
 186 187 44 -53
 187 188 1 0
 188 189 20 -26
 189 190 54 -70
 190 191 49 -46
 191 192 48 -49
 192 193 28 -39
 193 194 31 -41
 194 195 20 -17
 195 196 55 -51
