Grid graph
 225 nodes
 420 arcs
 1 2 14 -19
 1 16 65 -72
 2 3 33 -28
 2 17 32 -23
 3 4 27 -39
 3 18 53 -38
 4 5 52 -41
 4 19 54 -39
 5 6 10 -9
 5 20 23 -17
 6 7 13 -15
 6 21 17 -24
 7 8 38 -50
 7 22 16 -14
 8 9 7 -7
 8 23 7 -8
 9 10 9 -8
 9 24 17 -19
 10 11 8 -11
 10 25 51 -42
 11 12 28 -34
 11 26 5 -7
 12 13 10 -10
 12 27 46 -33
 13 14 33 -40
 13 28 15 -19
 14 15 24 -28
 14 29 31 -33
 15 30 12 -15
 16 17 34 -36
 16 31 14 -11
 17 18 35 -26
 17 32 17 -19
 18 19 18 -25
 18 33 45 -45
 19 20 28 -35
 19 34 65 -49
 20 21 70 -67
 20 35 36 -43
 21 22 75 -63
 21 36 54 -45
 22 23 48 -57
 22 37 42 -57
 23 24 21 -30
 23 38 18 -15
 24 25 35 -45
 24 39 65 -47
 25 26 10 -11
 25 40 67 -66
 26 27 8 -9
 26 41 69 -60
 27 28 40 -42
 27 42 50 -46
 28 29 12 -10
 28 43 27 -21
 29 30 47 -37
 29 44 11 -12
 30 45 25 -18
 31 32 19 -22
 31 46 51 -41
 32 33 36 -39
 32 47 0 0
 33 34 4 -3
 33 48 16 -15
 34 35 47 -47
 34 49 36 -39
 35 36 17 -17
 35 50 56 -41
 36 37 40 -30
 36 51 19 -22
 37 38 22 -20
 37 52 27 -20
 38 39 11 -13
 38 53 17 -22
 39 40 5 -7
 39 54 11 -15
 40 41 25 -18
 40 55 3 -2
 41 42 25 -33
 41 56 17 -16
 42 43 48 -62
 42 57 54 -58
 43 44 36 -27
 43 58 45 -62
 44 45 11 -9
 44 59 24 -26
 45 60 70 -57
 46 47 22 -18
 46 61 19 -15
 47 48 4 -4
 47 62 13 -13
 48 49 32 -34
 48 63 40 -32
 49 50 60 -49
 49 64 25 -30
 50 51 7 -9
 50 65 59 -61
 51 52 52 -63
 51 66 14 -12
 52 53 45 -52
 52 67 27 -33
 53 54 47 -67
 53 68 18 -24
 54 55 22 -17
 54 69 10 -11
 55 56 13 -13
 55 70 16 -14
 56 57 14 -10
 56 71 45 -55
 57 58 28 -26
 57 72 37 -40
 58 59 27 -22
 58 73 50 -36
 59 60 2 -2
 59 74 12 -14
 60 75 2 -2
 61 62 44 -48
 61 76 29 -36
 62 63 64 -55
 62 77 54 -68
 63 64 22 -28
 63 78 58 -45
 64 65 66 -63
 64 79 36 -48
 65 66 60 -71
 65 80 9 -10
 66 67 40 -47
 66 81 5 -6
 67 68 25 -35
 67 82 8 -9
 68 69 15 -15
 68 83 10 -7
 69 70 14 -11
 69 84 10 -9
 70 71 5 -6
 70 85 62 -53
 71 72 6 -6
 71 86 60 -48
 72 73 8 -9
 72 87 34 -27
 73 74 59 -73
 73 88 56 -49
 74 75 19 -18
 74 89 48 -44
 75 90 1 -1
 76 77 5 -5
 76 91 48 -59
 77 78 4 -3
 77 92 67 -49
 78 79 5 -7
 78 93 61 -74
 79 80 14 -17
 79 94 42 -43
 80 81 17 -16
 80 95 29 -27
 81 82 49 -43
 81 96 16 -18
 82 83 44 -38
 82 97 55 -77
 83 84 47 -40
 83 98 46 -41
 84 85 38 -45
 84 99 14 -12
 85 86 38 -32
 85 100 45 -32
 86 87 42 -58
 86 101 48 -36
 87 88 20 -24
 87 102 55 -57
 88 89 9 -11
 88 103 48 -61
 89 90 68 -69
 89 104 3 -5
 90 105 71 -68
 91 92 27 -38
 91 106 7 -7
 92 93 7 -7
 92 107 54 -58
 93 94 24 -30
 93 108 32 -42
 94 95 40 -33
 94 109 45 -33
 95 96 19 -14
 95 110 58 -46
 96 97 9 -7
 96 111 60 -54
 97 98 14 -18
 97 112 2 -2
 98 99 32 -41
 98 113 4 -6
 99 100 40 -30
 99 114 65 -54
 100 101 42 -51
 100 115 45 -61
 101 102 57 -73
 101 116 16 -19
 102 103 11 -10
 102 117 63 -45
 103 104 32 -36
 103 118 48 -49
 104 105 42 -41
 104 119 29 -26
 105 120 37 -29
 106 107 18 -19
 106 121 55 -52
 107 108 17 -12
 107 122 49 -68
 108 109 58 -52
 108 123 39 -47
 109 110 31 -34
 109 124 53 -55
 110 111 23 -18
 110 125 36 -38
 111 112 54 -70
 111 126 58 -77
 112 113 50 -44
 112 127 61 -56
 113 114 54 -40
 113 128 33 -38
 114 115 54 -40
 114 129 1 -2
 115 116 40 -55
 115 130 41 -37
 116 117 9 -9
 116 131 67 -53
 117 118 74 -64
 117 132 49 -65
 118 119 32 -44
 118 133 16 -12
 119 120 68 -48
 119 134 66 -50
 120 135 13 -16
 121 122 2 -2
 121 136 29 -41
 122 123 58 -47
 122 137 2 -2
 123 124 38 -32
 123 138 29 -32
 124 125 31 -33
 124 139 48 -66
 125 126 38 -48
 125 140 35 -25
 126 127 72 -60
 126 141 39 -47
 127 128 48 -54
 127 142 59 -77
 128 129 42 -39
 128 143 12 -10
 129 130 49 -39
 129 144 41 -35
 130 131 29 -28
 130 145 33 -33
 131 132 21 -29
 131 146 14 -17
 132 133 72 -53
 132 147 3 -2
 133 134 40 -37
 133 148 55 -57
 134 135 18 -21
 134 149 14 -14
 135 150 42 -52
 136 137 16 -13
 136 151 33 -36
 137 138 38 -28
 137 152 63 -57
 138 139 41 -59
 138 153 30 -37
 139 140 17 -21
 139 154 55 -71
 140 141 27 -29
 140 155 31 -24
 141 142 57 -57
 141 156 25 -29
 142 143 40 -46
 142 157 53 -47
 143 144 51 -50
 143 158 24 -22
 144 145 55 -45
 144 159 25 -18
 145 146 5 -5
 145 160 70 -59
 146 147 17 -12
 146 161 53 -61
 147 148 19 -19
 147 162 11 -10
 148 149 29 -22
 148 163 1 -2
 149 150 18 -14
 149 164 38 -30
 150 165 18 -22
 151 152 39 -48
 151 166 49 -44
 152 153 19 -14
 152 167 54 -51
 153 154 37 -38
 153 168 51 -47
 154 155 36 -33
 154 169 64 -55
 155 156 24 -24
 155 170 51 -53
 156 157 51 -56
 156 171 37 -44
 157 158 71 -66
 157 172 41 -30
 158 159 56 -47
 158 173 42 -53
 159 160 14 -11
 159 174 50 -66
 160 161 22 -22
 160 175 7 -7
 161 162 44 -50
 161 176 32 -42
 162 163 15 -11
 162 177 3 -3
 163 164 20 -23
 163 178 20 -27
 164 165 36 -38
 164 179 55 -71
 165 180 12 -14
 166 167 6 -8
 166 181 5 -6
 167 168 24 -21
 167 182 46 -36
 168 169 8 -11
 168 183 35 -36
 169 170 3 -4
 169 184 21 -23
 170 171 44 -33
 170 185 1 -2
 171 172 41 -38
 171 186 13 -15
 172 173 7 -7
 172 187 30 -41
 173 174 59 -51
 173 188 0 0
 174 175 45 -62
 174 189 54 -50
 175 176 50 -64
 175 190 60 -75
 176 177 17 -19
 176 191 57 -64
 177 178 25 -22
 177 192 1 -1
 178 179 57 -50
 178 193 29 -41
 179 180 47 -58
 179 194 13 -12
 180 195 15 -21
 181 182 11 -12
 181 196 43 -48
 182 183 65 -54
 182 197 1 -1
 183 184 45 -55
 183 198 51 -59
 184 185 45 -53
 184 199 35 -41
 185 186 47 -35
 185 200 66 -61
 186 187 28 -38
 186 201 59 -54
 187 188 5 -4
 187 202 36 -46
 188 189 51 -45
 188 203 1 -1
 189 190 54 -61
 189 204 5 -5
 190 191 49 -67
 190 205 33 -34
 191 192 31 -38
 191 206 32 -24
 192 193 42 -58
 192 207 29 -37
 193 194 46 -45
 193 208 48 -43
 194 195 34 -26
 194 209 22 -22
 195 210 40 -53
 196 197 27 -23
 196 211 26 -24
 197 198 33 -38
 197 212 63 -48
 198 199 50 -58
 198 213 12 -17
 199 200 27 -28
 199 214 16 -14
 200 201 55 -61
 200 215 35 -28
 201 202 60 -46
 201 216 31 -23
 202 203 36 -44
 202 217 2 -2
 203 204 12 -17
 203 218 54 -49
 204 205 23 -24
 204 219 13 -9
 205 206 51 -73
 205 220 71 -65
 206 207 19 -15
 206 221 71 -67
 207 208 6 -7
 207 222 78 -55
 208 209 42 -38
 208 223 33 -43
 209 210 69 -51
 209 224 59 -54
 210 225 11 -15
 211 212 9 -7
 212 213 5 -3
 213 214 42 -38
 214 215 7 -6
 215 216 57 -52
 216 217 10 -13
 217 218 50 -41
 218 219 22 -17
 219 220 32 -30
 220 221 56 -68
 221 222 76 -55
 222 223 20 -23
 223 224 15 -13
 224 225 18 -25
