1 2406 -2471
1 6702 -6838
1 4225 -4992
1 2996 -3539
1 5617 -6212
1 2577 -2889
1 3613 -4321
1 4904 -5626
1 6339 -6695
1 2463 -2654
1 2776 -3225
1 3294 -3931
1 3892 -4643
1 4531 -5289
1 5354 -6008
1 5917 -6428
1 6576 -6820
1 2423 -2547
1 2537 -2815
1 2670 -3050
1 2824 -3297
1 3094 -3672
1 3454 -4131
1 3761 -4494
1 4034 -4794
1 4368 -5134
1 4662 -5410
1 5110 -5805
1 5450 -6085
1 5747 -6308
1 6102 -6550
1 6470 -6768
1 6656 -6834
1 2408 -2483
1 2445 -2609
1 2490 -2715
1 2546 -2832
1 2595 -2921
1 2740 -3167
1 2920 -3433
1 3060 -3627
1 3211 -3825
1 3544 -4239
1 3686 -4407
1 3821 -4563
1 3932 -4686
1 4130 -4894
1 4333 -5100
1 4479 -5240
1 4605 -5358
1 4827 -5558
1 5015 -5723
1 5244 -5917
1 5381 -6030
1 5555 -6165
1 5710 -6281
1 5853 -6384
1 6018 -6495
1 6194 -6608
1 6413 -6737
1 6545 -6806
1 6628 -6830
1 6674 -6836
1 2416 -2518
1 2436 -2584
1 2452 -2627
1 2473 -2677
1 2515 -2769
1 2591 -2914
1 2621 -2966
1 2701 -3102
1 2893 -3395
1 2965 -3496
1 3174 -3777
1 3239 -3861
1 3356 -4009
1 3404 -4069
1 3498 -4184
1 3570 -4270
1 3635 -4347
1 3698 -4421
1 3807 -4547
1 3843 -4588
1 4077 -4839
1 4189 -4955
1 4416 -5180
1 4499 -5259
1 4576 -5331
1 4629 -5380
1 4751 -5490
1 4854 -5582
1 4976 -5689
1 5060 -5762
1 5184 -5867
1 5308 -5970
1 5431 -6070
1 5609 -6206
1 5656 -6241
1 5804 -6349
1 5873 -6398
1 5971 -6464
1 6079 -6535
1 6159 -6586
1 6381 -6719
1 6453 -6759
1 6491 -6779
1 6562 -6814
1 6591 -6823
1 6664 -6835
1 2421 -2539
1 2425 -2553
1 2448 -2617
1 2646 -3009
1 2862 -3351
1 3145 -3739
1 3437 -4110
1 3723 -4450
1 3867 -4615
1 4158 -4923
1 4712 -5455
1 5089 -5787
1 5892 -6411
1 6265 -6651
1 6280 -6660
1 6612 -6827
