1 1506 -3099
1 3407 -5019
1 2048 -4381
1 1616 -3698
1 2787 -4872
1 1536 -3453
1 1831 -4104
1 2265 -4566
1 3100 -4977
1 1516 -3302
1 1571 -3581
1 1729 -3921
1 1950 -4270
1 2139 -4464
1 2584 -4767
1 2914 -4926
1 3266 -5009
1 1507 -3123
1 1519 -3335
1 1548 -3502
1 1585 -3621
1 1675 -3818
1 1805 -4060
1 1926 -4239
1 2001 -4329
1 2080 -4412
1 2172 -4491
1 2431 -4673
1 2705 -4832
1 2848 -4900
1 2995 -4951
1 3177 -4994
1 3361 -5017
1 1515 -3283
1 1526 -3386
1 1540 -3471
1 1554 -3523
1 1575 -3593
1 1597 -3652
1 1649 -3766
1 1687 -3841
1 1761 -3981
1 1837 -4113
1 1954 -4275
1 2107 -4436
1 2198 -4512
1 2323 -4604
1 2516 -4726
1 2656 -4806
1 2760 -4859
1 2882 -4914
1 3025 -4959
1 3252 -5007
1 3285 -5011
1 1531 -3420
1 1885 -4181
1 2351 -4622
1 2447 -4683
1 2534 -4737
1 3058 -4967
1 3217 -5001
