1 965 -1006
1 2327 -2410
1 1560 -1848
1 1137 -1342
1 1942 -2187
1 1017 -1157
1 1354 -1627
1 1689 -1973
1 2171 -2339
1 984 -1084
1 1090 -1272
1 1220 -1456
1 1412 -1692
1 1621 -1910
1 1802 -2073
1 2063 -2271
1 2303 -2409
1 970 -1042
1 994 -1110
1 1055 -1218
1 1114 -1308
1 1168 -1385
1 1290 -1547
1 1385 -1662
1 1467 -1751
1 1605 -1894
1 1639 -1927
1 1760 -2036
1 1896 -2152
1 2000 -2228
1 2133 -2316
1 2187 -2348
1 966 -1022
1 1007 -1137
1 1187 -1411
1 1246 -1490
1 1313 -1576
1 1512 -1798
1 1866 -2127
1 1918 -2169
1 2045 -2259
1 2103 -2297
1 2291 -2403
1 2238 -2375
