1 2407 -4889
1 4903 -7320
1 3185 -6652
1 2651 -5883
1 4059 -7174
1 2477 -5377
1 2937 -6370
1 3644 -6976
1 4516 -7296
1 2431 -5117
1 2571 -5684
1 2730 -6043
1 3053 -6514
1 3409 -6826
1 3854 -7084
1 4294 -7245
1 4692 -7313
1 2411 -4970
1 2458 -5287
1 2523 -5534
1 2603 -5767
1 2690 -5966
1 2852 -6241
1 2975 -6421
1 3083 -6547
1 3299 -6746
1 3475 -6870
1 3753 -7035
1 3968 -7135
1 4088 -7185
1 4415 -7276
1 4566 -7303
1 4851 -7319
1 2410 -4956
1 2418 -5025
1 2444 -5205
1 2462 -5307
1 2487 -5415
1 2553 -5629
1 2586 -5723
1 2638 -5853
1 2666 -5916
1 2713 -6012
1 2782 -6130
1 2877 -6280
1 3013 -6467
1 3174 -6641
1 3203 -6669
1 3368 -6797
1 3450 -6854
1 3613 -6957
1 3685 -7000
1 3808 -7062
1 3900 -7105
1 4023 -7159
1 4179 -7212
1 4375 -7266
1 4470 -7288
1 4540 -7300
1 4650 -7310
1 4740 -7315
1 2414 -4995
1 2424 -5068
1 2437 -5158
1 2454 -5264
1 2475 -5368
1 2500 -5458
1 2531 -5560
1 2631 -5836
1 2760 -6094
1 2821 -6192
1 2866 -6263
1 3142 -6608
1 3255 -6711
1 3316 -6759
1 3562 -6925
1 4145 -7202
1 4231 -7227
1 4344 -7258
1 4795 -7317
1 2618 -5804
1 3290 -6739
1 3331 -6770
1 3497 -6884
