1 4133 -4286
1 10694 -10817
1 7034 -8132
1 5052 -5930
1 9164 -9911
1 4369 -4933
1 6000 -7056
1 8151 -9123
1 10072 -10529
1 4212 -4603
1 4678 -5413
1 5429 -6403
1 6399 -7486
1 7488 -8554
1 8592 -9479
1 9714 -10300
1 10474 -10752
1 4148 -4399
1 4288 -4778
1 4515 -5170
1 4851 -5658
1 5283 -6227
1 5614 -6619
1 6213 -7289
1 6776 -7873
1 7233 -8321
1 7776 -8806
1 8400 -9327
1 8856 -9683
1 9397 -10080
1 9870 -10402
1 10350 -10688
1 10594 -10800
1 4138 -4337
1 4182 -4515
1 4237 -4664
1 4319 -4841
1 4420 -5019
1 4577 -5264
1 4769 -5544
1 4946 -5788
1 5135 -6039
1 5342 -6299
1 5505 -6493
1 5849 -6886
1 6139 -7209
1 6314 -7397
1 6561 -7653
1 6839 -7937
1 7092 -8188
1 7382 -8458
1 7654 -8700
1 7934 -8941
1 8284 -9233
1 8495 -9403
1 8770 -9617
1 8966 -9765
1 9342 -10041
1 9521 -10167
1 9785 -10347
1 10034 -10506
1 10191 -10599
1 10397 -10713
1 10646 -10813
1 4136 -4321
1 4143 -4373
1 4154 -4423
1 4203 -4578
1 4222 -4628
1 4266 -4730
1 4300 -4803
1 4329 -4860
1 4400 -4986
1 4485 -5123
1 4547 -5219
1 4623 -5332
1 4718 -5471
1 4817 -5611
1 4883 -5702
1 4983 -5838
1 5121 -6021
1 5218 -6145
1 5304 -6253
1 5387 -6353
1 5472 -6454
1 5567 -6565
1 5701 -6718
1 5933 -6981
1 6047 -7108
1 6163 -7235
1 6252 -7331
1 6352 -7437
1 6457 -7546
1 6681 -7776
1 7071 -8168
1 7202 -8292
1 7286 -8370
1 7427 -8499
1 7556 -8614
1 7754 -8787
1 7901 -8913
1 8029 -9021
1 8239 -9196
1 8337 -9276
1 8471 -9384
1 8537 -9436
1 8664 -9535
1 8826 -9660
1 8935 -9742
1 9096 -9861
1 9220 -9952
1 9478 -10137
1 9599 -10221
1 9753 -10326
1 9845 -10386
1 9955 -10456
1 10042 -10511
1 10253 -10634
1 10365 -10696
1 10432 -10731
1 10492 -10760
1 10571 -10792
1 10635 -10811
1 10680 -10816
1 4134 -4300
1 4142 -4366
1 4146 -4389
1 4166 -4463
1 4208 -4592
1 4255 -4705
1 4271 -4741
1 4353 -4904
1 4380 -4952
1 4409 -5001
1 4463 -5088
1 4492 -5134
1 4602 -5301
1 4663 -5391
1 4734 -5494
1 4913 -5743
1 5083 -5971
1 5185 -6103
1 5252 -6188
1 5295 -6242
1 5445 -6422
1 5580 -6580
1 5679 -6693
1 5819 -6852
1 5902 -6946
1 5974 -7027
1 6087 -7152
1 6331 -7415
1 6375 -7461
1 6427 -7515
1 6524 -7615
1 6599 -7692
1 6725 -7821
1 7111 -8206
1 7247 -8334
1 7323 -8404
1 7405 -8479
1 7458 -8527
1 7646 -8693
1 7708 -8747
1 7846 -8866
1 7921 -8930
1 8084 -9067
1 8210 -9172
1 8256 -9210
1 8446 -9364
1 8726 -9583
1 8783 -9627
1 8880 -9701
1 9054 -9830
1 9283 -9998
1 9488 -10144
1 9676 -10274
1 9892 -10416
1 9996 -10482
1 10198 -10603
1 10287 -10653
1 10511 -10768
1 10538 -10779
1 10605 -10803
1 10657 -10814
1 4177 -4499
1 5621 -6627
1 5949 -6999
1 6490 -7580
1 7166 -8258
1 7597 -8650
1 8157 -9128
1 8989 -9782
1 9644 -10252
1 10528 -10775
