1 2176 -3630
1 5331 -6569
1 3253 -5822
1 2542 -4933
1 4231 -6379
1 2281 -4249
1 2870 -5413
1 3602 -6083
1 4838 -6528
1 2199 -3877
1 2368 -4528
1 2661 -5128
1 3071 -5639
1 3407 -5953
1 3933 -6259
1 4549 -6467
1 5023 -6554
1 2178 -3718
1 2232 -4051
1 2324 -4395
1 2464 -4763
1 2577 -4997
1 2775 -5291
1 2970 -5530
1 3111 -5681
1 3355 -5912
1 3492 -6015
1 3770 -6177
1 4024 -6299
1 4309 -6404
1 4714 -6503
1 4949 -6546
1 5113 -6561
1 2177 -3696
1 2185 -3789
1 2212 -3952
1 2247 -4116
1 2298 -4309
1 2358 -4500
1 2431 -4685
1 2507 -4859
1 2563 -4973
1 2629 -5081
1 2731 -5229
1 2806 -5331
1 2902 -5452
1 3030 -5595
1 3222 -5792
1 3281 -5848
1 3368 -5923
1 3441 -5978
1 3562 -6060
1 3705 -6141
1 3820 -6203
1 4000 -6289
1 4116 -6336
1 4259 -6389
1 4378 -6423
1 4607 -6480
1 4773 -6515
1 4911 -6540
1 4974 -6549
1 5199 -6565
1 2187 -3804
1 2227 -4027
1 2262 -4175
1 2320 -4382
1 2339 -4442
1 2390 -4584
1 2486 -4813
1 2530 -4908
1 2550 -4949
1 2598 -5031
1 2706 -5193
1 2745 -5249
1 2792 -5313
1 2852 -5390
1 2879 -5424
1 2921 -5474
1 3320 -5882
1 3533 -6042
1 3588 -6075
1 3639 -6104
1 3750 -6166
1 3882 -6234
1 3982 -6281
1 4190 -6364
1 4295 -6400
1 4481 -6450
1 4575 -6473
1 4653 -6490
1 4874 -6534
1 5257 -6567
1 2330 -4414
1 2380 -4559
1 2411 -4636
1 2491 -4824
1 2908 -5459
1 4137 -6344
1 4458 -6444
1 5292 -6568
