1 3863 -3939
1 9731 -9725
1 6071 -7008
1 4554 -5291
1 8325 -8941
1 4071 -4501
1 5200 -6081
1 7107 -7962
1 9195 -9521
1 3924 -4171
1 4326 -4944
1 4846 -5664
1 5703 -6630
1 6582 -7494
1 7626 -8394
1 8791 -9271
1 9484 -9665
1 3876 -4021
1 4012 -4380
1 4168 -4679
1 4404 -5069
1 4666 -5439
1 5002 -5852
1 5479 -6389
1 5907 -6843
1 6317 -7247
1 6841 -7729
1 7333 -8155
1 8074 -8750
1 8576 -9123
1 8944 -9369
1 9377 -9617
1 9589 -9700
1 3866 -3973
1 3889 -4067
1 3968 -4280
1 4037 -4433
1 4097 -4550
1 4254 -4826
1 4372 -5019
1 4497 -5209
1 4596 -5348
1 4728 -5517
1 4916 -5749
1 5084 -5948
1 5324 -6219
1 5560 -6477
1 5816 -6749
1 5944 -6881
1 6177 -7112
1 6445 -7367
1 6711 -7612
1 6985 -7856
1 7281 -8111
1 7462 -8261
1 7802 -8535
1 8171 -8825
1 8445 -9029
1 8677 -9194
1 8887 -9333
1 9101 -9465
1 9293 -9574
1 9442 -9647
1 9535 -9684
1 9672 -9719
1 3864 -3951
1 3872 -4005
1 3883 -4047
1 3907 -4122
1 3950 -4237
1 3996 -4344
1 4017 -4391
1 4081 -4520
1 4126 -4603
1 4206 -4745
1 4293 -4890
1 4356 -4993
1 4435 -5116
1 4510 -5228
1 4635 -5399
1 4812 -5622
1 4887 -5714
1 4986 -5833
1 5036 -5892
1 5110 -5978
1 5278 -6168
1 5374 -6274
1 5501 -6413
1 5644 -6567
1 5755 -6685
1 5871 -6806
1 6211 -7145
1 6336 -7265
1 6503 -7421
1 6643 -7550
1 6732 -7631
1 6903 -7784
1 7070 -7930
1 7226 -8064
1 7373 -8188
1 7516 -8305
1 7692 -8447
1 7957 -8658
1 8115 -8782
1 8229 -8869
1 8382 -8983
1 8538 -9096
1 8630 -9161
1 8724 -9226
1 8828 -9295
1 9040 -9428
1 9144 -9491
1 9237 -9544
1 9318 -9587
1 9400 -9628
1 9472 -9660
1 9516 -9677
1 9577 -9697
1 9645 -9713
1 9706 -9723
1 3885 -4054
1 3902 -4107
1 3916 -4148
1 3936 -4202
1 3978 -4303
1 4109 -4572
1 4158 -4661
1 4226 -4779
1 4268 -4849
1 4615 -5373
1 4833 -5648
1 4864 -5686
1 5158 -6033
1 5426 -6331
1 5536 -6451
1 5795 -6727
1 5843 -6777
1 6267 -7199
1 6384 -7310
1 6530 -7446
1 6619 -7528
1 6689 -7592
1 6782 -7676
1 6859 -7745
1 7047 -7910
1 7085 -7943
1 7401 -8211
1 7553 -8335
1 7899 -8612
1 8023 -8710
1 8128 -8792
1 8423 -9013
1 8481 -9055
1 8696 -9207
1 8767 -9255
1 8873 -9324
1 9009 -9409
1 9215 -9532
1 9250 -9551
1 9361 -9609
1 9554 -9690
1 9606 -9704
1 9667 -9718
1 9679 -9720
1 9717 -9724
1 3927 -4179
1 6293 -7224
1 7836 -8562
1 9567 -9694
