1 3745 -3909
1 9529 -9563
1 6220 -7148
1 4432 -5144
1 8109 -8768
1 3859 -4295
1 5279 -6168
1 7017 -7888
1 9027 -9346
1 3781 -4124
1 4087 -4658
1 4853 -5673
1 5710 -6634
1 6603 -7513
1 7574 -8355
1 8545 -9062
1 9336 -9501
1 3764 -4057
1 3812 -4198
1 3944 -4441
1 4295 -4960
1 4644 -5417
1 5045 -5901
1 5522 -6434
1 5867 -6795
1 6390 -7312
1 6845 -7735
1 7389 -8204
1 7850 -8573
1 8278 -8887
1 8831 -9234
1 9199 -9437
1 9442 -9542
1 3753 -3989
1 3774 -4100
1 3794 -4158
1 3837 -4252
1 3923 -4407
1 4018 -4555
1 4200 -4824
1 4359 -5048
1 4514 -5251
1 4753 -5551
1 4972 -5816
1 5136 -6006
1 5386 -6286
1 5630 -6550
1 5773 -6699
1 6296 -7222
1 6504 -7420
1 6720 -7621
1 6924 -7806
1 7245 -8083
1 7522 -8313
1 7703 -8458
1 7995 -8683
1 8181 -8820
1 8350 -8935
1 8640 -9120
1 8929 -9291
1 9108 -9390
1 9282 -9477
1 9404 -9529
1 9493 -9556
1 3750 -3965
1 3756 -4009
1 3767 -4071
1 3787 -4141
1 3798 -4167
1 3841 -4260
1 3889 -4348
1 3929 -4417
1 3984 -4503
1 4056 -4612
1 4123 -4711
1 4239 -4880
1 4334 -5014
1 4381 -5077
1 4504 -5238
1 4578 -5333
1 4674 -5454
1 4798 -5606
1 4877 -5702
1 4996 -5844
1 5246 -6131
1 5327 -6221
1 5419 -6322
1 5585 -6502
1 5735 -6660
1 5817 -6744
1 6262 -7189
1 6347 -7271
1 6448 -7367
1 6574 -7486
1 6644 -7551
1 6779 -7675
1 6905 -7789
1 6968 -7845
1 7164 -8014
1 7277 -8110
1 7407 -8219
1 7644 -8411
1 7797 -8532
1 7884 -8599
1 8031 -8710
1 8138 -8789
1 8214 -8843
1 8454 -9003
1 8584 -9086
1 8705 -9159
1 8872 -9258
1 8986 -9323
1 9071 -9370
1 9133 -9403
1 9217 -9446
1 9311 -9490
1 9362 -9512
1 9415 -9533
1 9459 -9547
1 9517 -9561
1 3746 -3923
1 3881 -4334
1 3908 -4381
1 4155 -4758
1 4313 -4985
1 4345 -5029
1 4416 -5123
1 4535 -5278
1 4722 -5513
1 4839 -5656
1 5172 -6047
1 5376 -6275
1 5476 -6384
1 6589 -7500
1 6695 -7598
1 7198 -8043
1 7327 -8152
1 7473 -8273
1 7769 -8510
1 7863 -8583
1 7913 -8621
1 8078 -8745
1 8256 -8872
1 8405 -8971
1 8497 -9031
1 8607 -9100
1 8762 -9193
1 9164 -9419
1 9261 -9467
1 9379 -9519
1 9485 -9554
1 3868 -4311
1 4560 -5310
1 5216 -6097
1 8379 -8954
1 8531 -9053
1 8799 -9215
1 9470 -9550
