1 1050 -2115
1 2433 -3250
1 1478 -2861
1 1193 -2554
1 1937 -3130
1 1073 -2270
1 1345 -2741
1 1721 -3030
1 2126 -3190
1 1053 -2163
1 1127 -2423
1 1215 -2591
1 1415 -2806
1 1592 -2948
1 1775 -3059
1 2057 -3172
1 2295 -3228
1 1062 -2217
1 1117 -2398
1 1156 -2486
1 1301 -2691
1 1360 -2755
1 1529 -2902
1 1633 -2975
1 1732 -3036
1 1889 -3109
1 1992 -3150
1 2199 -3207
1 2376 -3243
1 1059 -2200
1 1094 -2332
1 1135 -2441
1 1165 -2503
1 1245 -2626
1 1524 -2898
1 1570 -2932
1 1622 -2968
1 1687 -3009
1 2035 -3165
1 2235 -3215
1 2390 -3245
1 1074 -2273
