1 866 -1976
1 1943 -3221
1 1226 -2814
1 911 -2297
1 1508 -3070
1 880 -2177
1 1058 -2580
1 1364 -2954
1 1749 -3182
1 868 -2048
1 889 -2232
1 954 -2393
1 1126 -2686
1 1276 -2870
1 1476 -3049
1 1622 -3131
1 1855 -3211
1 875 -2135
1 884 -2204
1 904 -2279
1 922 -2322
1 1002 -2482
1 1080 -2615
1 1193 -2774
1 1259 -2852
1 1329 -2922
1 1401 -2986
1 1503 -3067
1 1553 -3095
1 1677 -3154
1 1799 -3197
1 1911 -3220
1 879 -2169
1 953 -2391
1 989 -2458
1 1151 -2720
1 1252 -2844
1 1306 -2900
1 1470 -3044
1 1540 -3088
1 1618 -3129
1 1837 -3207
1 1860 -3212
1 1810 -3200
