1 1812 -1918
1 3889 -3877
1 2729 -3081
1 2105 -2399
1 3440 -3665
1 1964 -2202
1 2356 -2698
1 3082 -3399
1 3711 -3824
1 1875 -2048
1 2003 -2261
1 2222 -2543
1 2571 -2925
1 2942 -3277
1 3257 -3534
1 3542 -3730
1 3799 -3862
1 1833 -1967
1 1915 -2120
1 1975 -2220
1 2069 -2352
1 2139 -2442
1 2284 -2616
1 2447 -2796
1 2659 -3014
1 2861 -3203
1 3018 -3345
1 3156 -3457
1 3374 -3619
1 3492 -3699
1 3675 -3806
1 3751 -3842
1 3861 -3875
1 1843 -1987
1 1896 -2086
1 1943 -2167
1 1992 -2245
1 2026 -2293
1 2081 -2368
1 2120 -2418
1 2170 -2480
1 2266 -2595
1 2339 -2679
1 2505 -2857
1 2624 -2979
1 2709 -3062
1 2758 -3108
1 2920 -3257
1 2991 -3321
1 3064 -3384
1 3111 -3422
1 3216 -3503
1 3331 -3588
1 3417 -3649
1 3452 -3673
1 3629 -3780
1 3728 -3832
1 3772 -3851
1 3816 -3866
1 3873 -3876
1 1854 -2008
1 2184 -2497
1 2465 -2815
1 2537 -2890
1 2797 -3144
1 2952 -3286
1 3025 -3351
1 3199 -3490
1 3309 -3572
1 3554 -3737
1 3794 -3860
1 3601 -3764
