1 1563 -2617
1 3798 -4752
1 2389 -4188
1 1750 -3367
1 3071 -4598
1 1603 -3012
1 2089 -3872
1 2691 -4404
1 3413 -4708
1 1575 -2827
1 1635 -3124
1 1892 -3607
1 2201 -4004
1 2540 -4307
1 2883 -4510
1 3291 -4675
1 3616 -4745
1 1566 -2712
1 1591 -2948
1 1618 -3070
1 1681 -3226
1 1827 -3503
1 1977 -3723
1 2154 -3952
1 2290 -4093
1 2443 -4233
1 2621 -4361
1 2764 -4447
1 2942 -4540
1 3157 -4630
1 3374 -4698
1 3531 -4732
1 3647 -4747
1 1565 -2688
1 1570 -2765
1 1580 -2874
1 1594 -2965
1 1645 -3148
1 1729 -3325
1 1781 -3423
1 1845 -3532
1 1903 -3623
1 2070 -3847
1 2128 -3921
1 2234 -4038
1 2320 -4122
1 2513 -4287
1 2554 -4317
1 2642 -4374
1 2748 -4438
1 2818 -4476
1 2938 -4538
1 3010 -4571
1 3234 -4656
1 3315 -4682
1 3471 -4720
1 3576 -4740
1 3625 -4746
1 3728 -4750
1 1708 -3282
1 1785 -3430
1 1934 -3665
1 2457 -4244
1 2525 -4296
1 2578 -4333
1 2755 -4442
1 3057 -4592
1 2601 -4348
