1 1150 -1589
1 2693 -2611
1 1657 -2344
1 1269 -1965
1 2215 -2558
1 1163 -1734
1 1470 -2201
1 1877 -2451
1 2439 -2594
1 1154 -1691
1 1202 -1836
1 1384 -2110
1 1607 -2310
1 1762 -2402
1 1978 -2487
1 2324 -2578
1 2566 -2607
1 1151 -1625
1 1189 -1803
1 1256 -1945
1 1311 -2020
1 1463 -2194
1 1522 -2244
1 1734 -2388
1 1825 -2430
1 1957 -2480
1 2167 -2545
1 2252 -2566
1 2377 -2586
1 2503 -2601
1 2617 -2609
1 1227 -1888
1 1301 -2007
1 1363 -2085
1 1429 -2158
1 1486 -2215
1 1577 -2287
1 1718 -2379
1 1854 -2442
1 1932 -2471
1 2104 -2526
1 2196 -2553
1 2651 -2610
1 1859 -2444
1 2039 -2506
1 2174 -2547
