1 1039 -1038
1 2247 -2185
1 1518 -1640
1 1181 -1306
1 1971 -2024
1 1070 -1131
1 1314 -1441
1 1747 -1845
1 2140 -2142
1 1049 -1085
1 1139 -1247
1 1264 -1391
1 1420 -1545
1 1619 -1733
1 1858 -1937
1 2081 -2104
1 2203 -2174
1 1045 -1070
1 1054 -1099
1 1111 -1202
1 1149 -1262
1 1217 -1343
1 1374 -1500
1 1459 -1583
1 1589 -1706
1 1674 -1782
1 1786 -1878
1 1887 -1960
1 2026 -2065
1 2109 -2123
1 2191 -2169
1 2220 -2179
1 1077 -1144
1 1127 -1228
1 1159 -1276
1 1562 -1681
1 1657 -1767
1 1711 -1814
1 1843 -1925
1 1943 -2003
1 2037 -2073
1 2172 -2159
1 2213 -2177
1 1101 -1185
