1 1018 -1079
1 2100 -2209
1 1398 -1661
1 1147 -1349
1 1834 -2059
1 1056 -1194
1 1237 -1478
1 1617 -1873
1 1954 -2137
1 1042 -1162
1 1094 -1263
1 1182 -1401
1 1349 -1609
1 1542 -1803
1 1720 -1964
1 1878 -2090
1 2041 -2183
1 1025 -1108
1 1043 -1165
1 1077 -1233
1 1121 -1308
1 1161 -1370
1 1221 -1456
1 1308 -1562
1 1377 -1639
1 1473 -1736
1 1579 -1838
1 1690 -1938
1 1777 -2012
1 1855 -2074
1 1916 -2114
1 1994 -2159
1 2092 -2208
1 1021 -1093
1 1034 -1137
1 1087 -1251
1 1107 -1285
1 1126 -1316
1 1201 -1428
1 1256 -1501
1 1335 -1593
1 1563 -1823
1 1638 -1892
1 1812 -2041
1 1908 -2109
1 1628 -1883
