1 1534 -3243
1 3495 -5413
1 2147 -4730
1 1705 -4029
1 2778 -5216
1 1579 -3609
1 1902 -4420
1 2472 -5019
1 3197 -5366
1 1540 -3379
1 1635 -3827
1 1810 -4256
1 2028 -4591
1 2273 -4849
1 2581 -5098
1 2990 -5303
1 3353 -5397
1 1536 -3330
1 1558 -3497
1 1608 -3732
1 1683 -3971
1 1758 -4147
1 1853 -4336
1 1945 -4481
1 2042 -4608
1 2158 -4742
1 2437 -4992
1 2542 -5071
1 2686 -5165
1 2895 -5266
1 3121 -5345
1 3287 -5385
1 3436 -5409
1 1549 -3443
1 1568 -3555
1 1593 -3670
1 1615 -3759
1 1699 -4014
1 1727 -4078
1 1793 -4222
1 1846 -4323
1 1872 -4369
1 1984 -4533
1 2121 -4700
1 2211 -4792
1 2370 -4934
1 2488 -5031
1 2620 -5123
1 2729 -5189
1 2818 -5234
1 2966 -5294
1 3036 -5319
1 3215 -5370
1 3413 -5406
1 1544 -3408
1 1569 -3560
1 1607 -3728
1 1642 -3849
1 1660 -3903
1 1693 -3998
1 1771 -4175
1 2009 -4566
1 2072 -4643
1 2238 -4817
1 2338 -4906
1 2401 -4961
1 2943 -5285
1 2250 -4828
