1 1035 -1708
1 2442 -3079
1 1408 -2559
1 1130 -2110
1 1861 -2880
1 1062 -1917
1 1227 -2316
1 1609 -2737
1 2202 -3028
1 1046 -1832
1 1093 -2012
1 1178 -2216
1 1310 -2439
1 1520 -2664
1 1733 -2813
1 2084 -2984
1 2273 -3050
1 1039 -1765
1 1053 -1872
1 1081 -1976
1 1109 -2056
1 1153 -2161
1 1212 -2286
1 1244 -2343
1 1359 -2500
1 1460 -2608
1 1573 -2710
1 1673 -2777
1 1820 -2859
1 2014 -2953
1 2136 -3004
1 2250 -3043
1 2358 -3067
1 1044 -1815
1 1122 -2090
1 1279 -2394
1 1378 -2523
1 1925 -2911
1 2347 -3065
1 2419 -3077
1 1865 -2882
1 1984 -2939
