1 3426 -3575
1 8611 -8744
1 5549 -6611
1 4121 -4955
1 7103 -7893
1 3663 -4220
1 4745 -5752
1 6252 -7254
1 8050 -8495
1 3499 -3860
1 3887 -4609
1 4386 -5309
1 5198 -6250
1 5933 -6977
1 6605 -7532
1 7607 -8229
1 8380 -8671
1 3444 -3682
1 3563 -4018
1 3774 -4422
1 3989 -4764
1 4239 -5117
1 4580 -5553
1 4955 -5988
1 5348 -6407
1 5749 -6805
1 6074 -7103
1 6402 -7375
1 6793 -7671
1 7769 -8329
1 8246 -8603
1 8508 -8720
1 3428 -3603
1 3471 -3777
1 3524 -3926
1 3592 -4078
1 3688 -4266
1 3824 -4506
1 3911 -4647
1 4059 -4866
1 4165 -5017
1 4282 -5174
1 4506 -5461
1 4637 -5623
1 4847 -5868
1 5070 -6113
1 5271 -6327
1 5461 -6523
1 5663 -6722
1 5871 -6920
1 5967 -7008
1 6170 -7185
1 6311 -7302
1 6546 -7487
1 6711 -7611
1 6952 -7786
1 7186 -7950
1 7537 -8184
1 7693 -8283
1 7979 -8454
1 8190 -8573
1 8347 -8655
1 8456 -8702
1 8570 -8737
1 3427 -3593
1 3438 -3656
1 3455 -3723
1 3485 -3821
1 3513 -3898
1 3544 -3975
1 3571 -4035
1 3676 -4244
1 3721 -4326
1 3797 -4461
1 3852 -4552
1 3962 -4724
1 4019 -4808
1 4098 -4922
1 4149 -4995
1 4187 -5047
1 4245 -5125
1 4328 -5234
1 4430 -5365
1 4547 -5512
1 4623 -5606
1 4697 -5695
1 4778 -5790
1 4926 -5956
1 5009 -6047
1 5111 -6157
1 5213 -6266
1 5296 -6353
1 5420 -6481
1 5629 -6689
1 5725 -6782
1 5791 -6845
1 5921 -6966
1 6023 -7058
1 6136 -7156
1 6228 -7234
1 6290 -7285
1 6342 -7327
1 6416 -7386
1 6572 -7507
1 6661 -7574
1 6767 -7652
1 6862 -7721
1 7046 -7853
1 7164 -7935
1 7336 -8051
1 7488 -8152
1 7596 -8222
1 7669 -8268
1 7721 -8300
1 7846 -8375
1 8015 -8475
1 8154 -8553
1 8203 -8580
1 8300 -8631
1 8369 -8666
1 8425 -8690
1 8496 -8716
1 8528 -8726
1 8580 -8739
1 3433 -3631
1 3449 -3701
1 3464 -3754
1 3482 -3812
1 3490 -3835
1 3522 -3921
1 3535 -3953
1 3753 -4384
1 3940 -4691
1 4318 -5221
1 4362 -5278
1 4415 -5346
1 4464 -5408
1 4510 -5466
1 4734 -5739
1 4764 -5774
1 4793 -5807
1 4881 -5906
1 5021 -6060
1 5097 -6142
1 5591 -6652
1 5808 -6861
1 6488 -7442
1 6927 -7768
1 7001 -7821
1 7272 -8008
1 7450 -8127
1 7514 -8169
1 7568 -8204
1 7626 -8241
1 7794 -8344
1 7925 -8422
1 8413 -8685
1 8443 -8697
1 8543 -8730
1 8604 -8743
1 3476 -3793
1 7888 -8400
