1 3681 -3976
1 9312 -9619
1 5730 -6984
1 4252 -5174
1 7762 -8807
1 3861 -4520
1 4964 -6132
1 6898 -8102
1 8681 -9391
1 3715 -4176
1 4003 -4784
1 4591 -5652
1 5319 -6544
1 6420 -7662
1 7280 -8431
1 8246 -9137
1 9097 -9576
1 3691 -4081
1 3783 -4349
1 3917 -4631
1 4130 -4990
1 4415 -5410
1 4770 -5887
1 5147 -6350
1 5532 -6776
1 5980 -7234
1 6644 -7872
1 7094 -8276
1 7455 -8573
1 8017 -8987
1 8398 -9231
1 8897 -9498
1 9225 -9614
1 3684 -4028
1 3701 -4127
1 3745 -4255
1 3824 -4442
1 3901 -4601
1 3960 -4710
1 4066 -4888
1 4184 -5073
1 4348 -5314
1 4673 -5761
1 4890 -6040
1 5044 -6229
1 5213 -6425
1 5406 -6640
1 5645 -6896
1 6205 -7454
1 6520 -7757
1 6758 -7976
1 7018 -8209
1 7173 -8343
1 7393 -8523
1 7633 -8711
1 7932 -8928
1 8068 -9021
1 8316 -9181
1 8557 -9322
1 8843 -9473
1 9043 -9556
1 9177 -9602
1 9231 -9615
1 3682 -3997
1 3689 -4066
1 3699 -4119
1 3710 -4160
1 3721 -4193
1 3764 -4303
1 3802 -4393
1 3841 -4478
1 3872 -4543
1 3937 -4668
1 3981 -4747
1 4041 -4847
1 4076 -4904
1 4161 -5038
1 4214 -5118
1 4280 -5215
1 4378 -5357
1 4461 -5474
1 4557 -5606
1 4621 -5692
1 4719 -5821
1 4827 -5960
1 4910 -6065
1 4987 -6160
1 5092 -6286
1 5183 -6391
1 5293 -6515
1 5337 -6564
1 5518 -6761
1 5578 -6825
1 5694 -6947
1 6130 -7381
1 6337 -7582
1 6484 -7723
1 6593 -7825
1 6692 -7916
1 6954 -8152
1 7070 -8255
1 7148 -8322
1 7247 -8404
1 7334 -8475
1 7430 -8553
1 7532 -8633
1 7716 -8773
1 7819 -8848
1 7998 -8974
1 8192 -9102
1 8284 -9161
1 8355 -9205
1 8476 -9276
1 8641 -9369
1 8729 -9416
1 8860 -9481
1 8992 -9536
1 9121 -9584
1 9195 -9607
1 9286 -9618
1 3696 -4105
1 3706 -4146
1 3729 -4214
1 3758 -4288
1 3773 -4325
1 3814 -4420
1 3977 -4740
1 4148 -5018
1 4235 -5149
1 4304 -5250
1 4435 -5438
1 4746 -5856
1 4802 -5928
1 4875 -6021
1 4939 -6101
1 4973 -6143
1 5065 -6254
1 5110 -6307
1 5154 -6358
1 5396 -6629
1 5443 -6680
1 5611 -6860
1 5666 -6918
1 6034 -7287
1 6168 -7418
1 6240 -7488
1 6396 -7639
1 6463 -7703
1 6550 -7785
1 6799 -8013
1 6859 -8067
1 7009 -8201
1 7196 -8362
1 7505 -8612
1 7594 -8681
1 7661 -8732
1 7743 -8793
1 7864 -8880
1 7962 -8949
1 8123 -9057
1 8235 -9130
1 8388 -9225
1 8436 -9253
1 8520 -9301
1 8582 -9336
1 8670 -9385
1 8873 -9487
1 9158 -9596
1 9184 -9604
1 9212 -9611
1 9267 -9617
1 6305 -7551
