1 4270 -4458
1 10537 -10890
1 6800 -8056
1 5051 -6016
1 8969 -9979
1 4463 -5034
1 5800 -6963
1 7974 -9167
1 9938 -10633
1 4316 -4693
1 4743 -5541
1 5364 -6436
1 6327 -7557
1 7294 -8543
1 8510 -9618
1 9482 -10344
1 10304 -10826
1 4292 -4614
1 4392 -4885
1 4616 -5321
1 4871 -5748
1 5219 -6249
1 5568 -6687
1 6087 -7291
1 6634 -7884
1 7080 -8338
1 7609 -8837
1 8179 -9344
1 8740 -9803
1 9176 -10130
1 9743 -10514
1 10143 -10749
1 10464 -10878
1 4277 -4527
1 4296 -4631
1 4344 -4770
1 4439 -4986
1 4516 -5137
1 4671 -5418
1 4819 -5666
1 4979 -5912
1 5165 -6176
1 5276 -6324
1 5432 -6521
1 5668 -6807
1 5967 -7155
1 6222 -7442
1 6418 -7655
1 6709 -7962
1 6911 -8169
1 7192 -8446
1 7505 -8741
1 7789 -9001
1 8072 -9253
1 8332 -9472
1 8643 -9726
1 8856 -9893
1 9066 -10051
1 9366 -10264
1 9596 -10419
1 9830 -10568
1 10048 -10696
1 10224 -10790
1 10345 -10842
1 10521 -10889
1 4274 -4501
1 4282 -4559
1 4306 -4663
1 4325 -4719
1 4360 -4809
1 4405 -4914
1 4488 -5083
1 4578 -5252
1 4640 -5364
1 4723 -5507
1 4782 -5606
1 4846 -5709
1 4920 -5823
1 5012 -5960
1 5106 -6094
1 5179 -6195
1 5240 -6277
1 5323 -6384
1 5407 -6490
1 5499 -6603
1 5647 -6782
1 5759 -6915
1 5856 -7028
1 6018 -7213
1 6135 -7345
1 6242 -7464
1 6374 -7608
1 6513 -7756
1 6655 -7906
1 6737 -7991
1 6844 -8101
1 7137 -8393
1 7215 -8468
1 7366 -8611
1 7547 -8780
1 7723 -8941
1 7910 -9110
1 8017 -9205
1 8141 -9312
1 8248 -9402
1 8399 -9527
1 8612 -9701
1 8687 -9761
1 8804 -9853
1 8890 -9919
1 9032 -10026
1 9113 -10085
1 9231 -10169
1 9444 -10318
1 9515 -10366
1 9687 -10478
1 9788 -10542
1 9914 -10619
1 9983 -10659
1 10121 -10737
1 10188 -10772
1 10266 -10809
1 10330 -10837
1 10426 -10867
1 10486 -10883
1 4271 -4470
1 4276 -4519
1 4279 -4540
1 4286 -4582
1 4300 -4644
1 4341 -4762
1 4348 -4780
1 4400 -4903
1 4419 -4944
1 4538 -5178
1 4589 -5272
1 4631 -5348
1 4652 -5385
1 4685 -5442
1 4829 -5682
1 4899 -5791
1 4951 -5870
1 5044 -6006
1 5089 -6070
1 5129 -6126
1 5266 -6311
1 5290 -6342
1 5349 -6417
1 5472 -6570
1 5554 -6670
1 5607 -6734
1 5732 -6883
1 5776 -6935
1 5843 -7013
1 5883 -7059
1 6033 -7230
1 6204 -7422
1 6284 -7510
1 6350 -7582
1 6449 -7688
1 6598 -7846
1 6768 -8023
1 7275 -8525
1 7349 -8595
1 7398 -8641
1 7560 -8792
1 7644 -8869
1 7850 -9056
1 8093 -9271
1 8449 -9568
1 8580 -9675
1 8768 -9825
1 8940 -9957
1 8993 -9997
1 9088 -10067
1 9329 -10238
1 9460 -10329
1 9573 -10404
1 9636 -10445
1 9732 -10507
1 9817 -10560
1 9881 -10599
1 10011 -10675
1 10071 -10709
1 10246 -10800
1 10325 -10835
1 10367 -10849
1 10436 -10870
1 10472 -10880
1 10497 -10885
1 4273 -4491
1 4373 -4840
1 4389 -4878
1 6152 -7364
1 7444 -8684
1 7678 -8900
1 9275 -10200
1 9853 -10582
1 10393 -10857
