1 1458 -2577
1 3508 -4591
1 2075 -3899
1 1622 -3241
1 2835 -4408
1 1507 -2900
1 1826 -3610
1 2310 -4092
1 3124 -4522
1 1483 -2800
1 1550 -3064
1 1708 -3415
1 1932 -3751
1 2167 -3983
1 2586 -4269
1 2960 -4464
1 3324 -4566
1 1464 -2654
1 1486 -2813
1 1525 -2970
1 1592 -3175
1 1666 -3332
1 1761 -3510
1 1880 -3688
1 1996 -3820
1 2133 -3955
1 2246 -4046
1 2485 -4206
1 2786 -4383
1 2887 -4432
1 3059 -4501
1 3182 -4536
1 3425 -4583
1 1469 -2695
1 1508 -2904
1 1539 -3023
1 1564 -3104
1 1645 -3289
1 1685 -3370
1 1747 -3485
1 1793 -3562
1 1901 -3714
1 1955 -3777
1 2227 -4031
1 2358 -4124
1 2524 -4231
1 2641 -4301
1 2852 -4416
1 2941 -4456
1 2999 -4479
1 3068 -4504
1 3151 -4529
1 3264 -4554
1 3403 -4580
1 3450 -4586
1 1475 -2741
1 1543 -3038
1 1784 -3548
1 1970 -3793
1 2426 -4168
1 2568 -4258
1 2613 -4285
1 2706 -4338
1 3308 -4563
1 3352 -4571
