1 1003 -2223
1 2699 -3918
1 1463 -3378
1 1079 -2715
1 2031 -3767
1 1025 -2486
1 1243 -3063
1 1739 -3611
1 2369 -3881
1 1012 -2373
1 1057 -2649
1 1180 -2946
1 1376 -3269
1 1629 -3531
1 1857 -3683
1 2269 -3855
1 2560 -3909
1 1005 -2287
1 1018 -2433
1 1040 -2567
1 1063 -2670
1 1121 -2815
1 1217 -3018
1 1295 -3149
1 1435 -3348
1 1539 -3450
1 1672 -3564
1 1786 -3642
1 1959 -3734
1 2145 -3811
1 2333 -3872
1 2490 -3900
1 2580 -3911
1 1011 -2361
1 1051 -2622
1 1060 -2660
1 1089 -2740
1 1146 -2872
1 1280 -3125
1 1326 -3196
1 1408 -3313
1 1457 -3372
1 1526 -3438
1 1600 -3506
1 1661 -3556
1 1703 -3586
1 1817 -3660
1 1897 -3704
1 1982 -3745
1 2070 -3783
1 2215 -3836
1 2429 -3891
1 2528 -3905
1 2661 -3916
1 1274 -3115
1 1306 -3166
1 1381 -3276
1 1616 -3520
