1 4293 -4441
1 11021 -11079
1 6967 -8087
1 4985 -5846
1 9248 -10069
1 4481 -5036
1 5793 -6841
1 8019 -9074
1 10400 -10842
1 4345 -4706
1 4698 -5418
1 5438 -6423
1 6421 -7531
1 7614 -8710
1 8716 -9659
1 9951 -10563
1 10771 -11022
1 4312 -4586
1 4396 -4841
1 4558 -5181
1 4862 -5670
1 5151 -6064
1 5584 -6599
1 6147 -7236
1 6724 -7844
1 7349 -8458
1 7839 -8916
1 8347 -9355
1 8981 -9867
1 9573 -10304
1 10176 -10708
1 10621 -10957
1 10897 -11059
1 4298 -4508
1 4318 -4614
1 4373 -4785
1 4453 -4977
1 4504 -5081
1 4631 -5307
1 4783 -5551
1 4924 -5761
1 5068 -5957
1 5266 -6209
1 5539 -6546
1 5711 -6747
1 5968 -7038
1 6291 -7392
1 6518 -7632
1 7154 -8270
1 7504 -8606
1 7788 -8870
1 7876 -8949
1 8217 -9245
1 8526 -9504
1 8884 -9792
1 9138 -9987
1 9403 -10182
1 9758 -10432
1 10060 -10635
1 10311 -10790
1 10499 -10896
1 10713 -10999
1 10810 -11035
1 10942 -11068
1 4295 -4479
1 4301 -4526
1 4331 -4660
1 4358 -4745
1 4382 -4807
1 4435 -4935
1 4460 -4992
1 4494 -5062
1 4536 -5141
1 4617 -5283
1 4674 -5379
1 4736 -5478
1 4806 -5586
1 4902 -5729
1 4974 -5831
1 5035 -5913
1 5104 -6004
1 5200 -6126
1 5387 -6360
1 5496 -6494
1 5637 -6661
1 5758 -6801
1 5887 -6947
1 6050 -7129
1 6239 -7336
1 6389 -7497
1 6467 -7579
1 6644 -7762
1 7074 -8192
1 7267 -8379
1 7420 -8526
1 7562 -8661
1 7691 -8781
1 7829 -8907
1 7965 -9027
1 8140 -9179
1 8277 -9296
1 8486 -9471
1 8609 -9572
1 8799 -9725
1 8924 -9823
1 9046 -9917
1 9186 -10023
1 9289 -10099
1 9507 -10257
1 9639 -10350
1 9859 -10501
1 9999 -10595
1 10104 -10663
1 10256 -10757
1 10379 -10830
1 10456 -10873
1 10679 -10984
1 10745 -11012
1 10797 -11031
1 10838 -11043
1 10931 -11066
1 10991 -11075
1 4294 -4463
1 4296 -4492
1 4309 -4570
1 4329 -4653
1 4341 -4693
1 4415 -4887
1 4542 -5152
1 4562 -5188
1 4653 -5344
1 4703 -5426
1 4761 -5517
1 4883 -5701
1 4936 -5778
1 5166 -6083
1 5231 -6165
1 5342 -6304
1 5460 -6450
1 5601 -6619
1 5724 -6762
1 5832 -6885
1 5911 -6974
1 6004 -7078
1 6107 -7192
1 6168 -7259
1 6318 -7421
1 6492 -7605
1 6580 -7696
1 6681 -7800
1 7021 -8140
1 7117 -8234
1 7211 -8325
1 7322 -8432
1 7375 -8483
1 7543 -8643
1 7580 -8678
1 7653 -8746
1 7752 -8837
1 7933 -8999
1 8095 -9140
1 8251 -9274
1 8322 -9334
1 8390 -9391
1 8576 -9545
1 8652 -9607
1 8731 -9671
1 8842 -9759
1 8946 -9840
1 9109 -9965
1 9263 -10080
1 9348 -10142
1 9439 -10208
1 9528 -10272
1 9710 -10399
1 9796 -10458
1 9896 -10526
1 10074 -10644
1 10139 -10685
1 10220 -10735
1 10425 -10856
1 10534 -10914
1 10586 -10940
1 10653 -10972
1 10688 -10988
1 10730 -11006
1 10782 -11026
1 10871 -11052
1 4553 -5172
1 6227 -7323
1 6346 -7451
1 8823 -9744
1 9482 -10239
1 9681 -10379
1 10189 -10716
1 10416 -10851
