1 3376 -3494
1 8438 -8427
1 5455 -6333
1 3936 -4608
1 6979 -7612
1 3573 -4048
1 4652 -5482
1 6277 -7077
1 7867 -8189
1 3429 -3707
1 3752 -4346
1 4319 -5093
1 5012 -5882
1 5890 -6738
1 6556 -7300
1 7454 -7936
1 8232 -8372
1 3393 -3601
1 3504 -3901
1 3641 -4167
1 3814 -4439
1 4047 -4755
1 4528 -5340
1 4785 -5632
1 5237 -6116
1 5651 -6519
1 6058 -6889
1 6391 -7171
1 6832 -7507
1 7232 -7787
1 7700 -8091
1 8017 -8269
1 8312 -8399
1 3382 -3552
1 3408 -3647
1 3467 -3810
1 3540 -3981
1 3608 -4110
1 3725 -4304
1 3782 -4392
1 3877 -4527
1 4008 -4705
1 4172 -4912
1 4397 -5186
1 4602 -5425
1 4751 -5594
1 4914 -5775
1 5185 -6063
1 5413 -6292
1 5554 -6428
1 5772 -6631
1 6023 -6858
1 6159 -6977
1 6353 -7140
1 6464 -7229
1 6704 -7412
1 6886 -7546
1 7072 -7677
1 7371 -7881
1 7590 -8023
1 7780 -8139
1 7938 -8228
1 8126 -8323
1 8256 -8381
1 8386 -8418
1 3379 -3531
1 3386 -3570
1 3405 -3638
1 3417 -3673
1 3444 -3749
1 3478 -3838
1 3515 -3926
1 3560 -4022
1 3588 -4075
1 3634 -4155
1 3658 -4195
1 3765 -4366
1 3786 -4398
1 3849 -4488
1 3890 -4545
1 3981 -4669
1 4124 -4852
1 4231 -4985
1 4360 -5142
1 4431 -5226
1 4548 -5363
1 4705 -5542
1 4858 -5713
1 4966 -5832
1 5068 -5941
1 5507 -6383
1 5589 -6461
1 5720 -6583
1 5858 -6709
1 5972 -6812
1 6041 -6874
1 6113 -6937
1 6239 -7045
1 6295 -7092
1 6435 -7206
1 6509 -7264
1 6623 -7351
1 6759 -7453
1 6847 -7518
1 6942 -7586
1 7019 -7640
1 7191 -7759
1 7260 -7806
1 7428 -7919
1 7552 -7999
1 7656 -8064
1 7830 -8168
1 7907 -8211
1 7968 -8244
1 8087 -8304
1 8185 -8351
1 8237 -8374
1 8299 -8395
1 8342 -8407
1 8396 -8420
1 3377 -3511
1 3459 -3789
1 3485 -3855
1 3534 -3968
1 3685 -4239
1 4093 -4813
1 4214 -4964
1 4257 -5017
1 4488 -5293
1 4812 -5662
1 4895 -5754
1 4977 -5844
1 5030 -5901
1 5137 -6013
1 5636 -6505
1 5679 -6545
1 5760 -6620
1 6144 -6964
1 6166 -6983
1 6330 -7121
1 6539 -7287
1 6598 -7332
1 6668 -7385
1 6809 -7490
1 7127 -7715
1 7502 -7967
1 7614 -8038
1 7669 -8072
1 7718 -8102
1 7748 -8120
1 7792 -8146
1 8166 -8342
1 3529 -3957
1 4279 -5044
