1 2362 -2479
1 5863 -5855
1 3733 -4299
1 2629 -3050
1 4838 -5246
1 2402 -2673
1 3215 -3762
1 4366 -4875
1 5391 -5624
1 2376 -2588
1 2498 -2847
1 2926 -3424
1 3548 -4116
1 4046 -4595
1 4629 -5089
1 5139 -5459
1 5692 -5792
1 2366 -2529
1 2390 -2643
1 2437 -2741
1 2530 -2898
1 2814 -3286
1 3123 -3657
1 3351 -3908
1 3625 -4194
1 3929 -4486
1 4178 -4713
1 4506 -4990
1 4715 -5155
1 4961 -5335
1 5301 -5567
1 5559 -5721
1 5771 -5828
1 2364 -2507
1 2373 -2573
1 2382 -2615
1 2396 -2660
1 2415 -2700
1 2471 -2802
1 2523 -2887
1 2598 -3003
1 2739 -3191
1 2846 -3326
1 3015 -3530
1 3179 -3721
1 3276 -3828
1 3503 -4069
1 3585 -4154
1 3674 -4242
1 3853 -4414
1 3982 -4536
1 4079 -4625
1 4253 -4778
1 4440 -4936
1 4568 -5040
1 4698 -5142
1 4758 -5187
1 4893 -5286
1 5035 -5387
1 5359 -5604
1 5504 -5690
1 5627 -5758
1 5744 -5817
1 5840 -5852
1 2363 -2494
1 2367 -2536
1 2380 -2607
1 2387 -2633
1 2462 -2786
1 2563 -2949
1 2615 -3029
1 2649 -3076
1 2761 -3219
1 2885 -3374
1 2951 -3454
1 3071 -3596
1 3238 -3787
1 3320 -3875
1 3401 -3961
1 3525 -4092
1 3761 -4326
1 3873 -4433
1 4034 -4584
1 4134 -4674
1 4216 -4746
1 4317 -4833
1 4384 -4890
1 4642 -5099
1 4727 -5164
1 4800 -5218
1 4929 -5312
1 5002 -5364
1 5104 -5435
1 5188 -5492
1 5251 -5534
1 5318 -5578
1 5459 -5664
1 5534 -5707
1 5586 -5736
1 5657 -5774
1 5758 -5823
1 5822 -5846
1 5853 -5854
1 2692 -3131
1 2972 -3479
1 3037 -3556
1 3892 -4451
1 4954 -5330
1 5120 -5446
1 5413 -5637
1 5599 -5743
1 5782 -5832
