1 1711 -3412
1 4239 -5951
1 2595 -5211
1 1963 -4341
1 3296 -5716
1 1764 -3803
1 2248 -4814
1 2925 -5491
1 3809 -5899
1 1729 -3634
1 1853 -4075
1 2084 -4563
1 2369 -4966
1 2761 -5361
1 3118 -5616
1 3518 -5805
1 4069 -5944
1 1721 -3561
1 1739 -3696
1 1784 -3873
1 1930 -4271
1 2045 -4496
1 2179 -4715
1 2301 -4883
1 2452 -5060
1 2668 -5280
1 2838 -5426
1 2984 -5533
1 3190 -5658
1 3382 -5754
1 3662 -5856
1 3923 -5923
1 4137 -5949
1 1717 -3503
1 1752 -3757
1 1777 -3850
1 1811 -3954
1 1873 -4129
1 1947 -4308
1 2007 -4425
1 2050 -4505
1 2127 -4633
1 2210 -4760
1 2264 -4835
1 2328 -4916
1 2414 -5017
1 2503 -5115
1 2598 -5214
1 2726 -5331
1 2833 -5422
1 2910 -5480
1 2960 -5516
1 3026 -5560
1 3183 -5654
1 3247 -5690
1 3357 -5743
1 3418 -5768
1 3591 -5831
1 3722 -5874
1 3865 -5912
1 3981 -5932
1 4166 -5950
1 1720 -3547
1 1841 -4041
1 1903 -4205
1 1966 -4347
1 2161 -4687
1 2236 -4797
1 2563 -5178
1 2741 -5344
1 3039 -5568
1 3485 -5793
1 4024 -5938
1 3426 -5771
