1 3403 -3445
1 8361 -8552
1 5259 -6091
1 3942 -4540
1 7129 -7832
1 3519 -3858
1 4542 -5307
1 6282 -7094
1 7790 -8296
1 3426 -3626
1 3705 -4188
1 4188 -4872
1 4934 -5747
1 5721 -6555
1 6761 -7529
1 7485 -8095
1 8138 -8484
1 3409 -3546
1 3461 -3730
1 3600 -4010
1 3828 -4375
1 4074 -4723
1 4335 -5057
1 4727 -5519
1 5111 -5937
1 5407 -6242
1 6081 -6903
1 6561 -7350
1 6928 -7669
1 7328 -7981
1 7695 -8237
1 8012 -8421
1 8251 -8525
1 3405 -3501
1 3421 -3608
1 3450 -3701
1 3488 -3792
1 3565 -3946
1 3641 -4082
1 3765 -4280
1 3876 -4445
1 4017 -4645
1 4125 -4791
1 4225 -4919
1 4435 -5179
1 4645 -5426
1 4821 -5623
1 5018 -5838
1 5173 -6002
1 5346 -6180
1 5667 -6502
1 5969 -6795
1 6193 -7010
1 6388 -7192
1 6702 -7477
1 6823 -7582
1 7038 -7759
1 7188 -7877
1 7426 -8053
1 7588 -8166
1 7732 -8261
1 7902 -8360
1 8086 -8460
1 8207 -8511
1 8308 -8542
1 3404 -3475
1 3406 -3514
1 3411 -3560
1 3444 -3683
1 3454 -3712
1 3473 -3758
1 3504 -3827
1 3536 -3891
1 3577 -3968
1 3617 -4040
1 3689 -4162
1 3790 -4318
1 3847 -4403
1 3901 -4481
1 4100 -4758
1 4142 -4813
1 4206 -4895
1 4303 -5017
1 4407 -5145
1 4505 -5263
1 4584 -5356
1 4673 -5458
1 4763 -5559
1 4902 -5712
1 5005 -5824
1 5063 -5886
1 5150 -5978
1 5228 -6059
1 5301 -6134
1 5787 -6619
1 6026 -6850
1 6129 -6949
1 6250 -7064
1 6310 -7120
1 6471 -7268
1 6615 -7399
1 6729 -7501
1 6791 -7555
1 6956 -7692
1 7099 -7808
1 7147 -7846
1 7239 -7915
1 7385 -8023
1 7557 -8145
1 7651 -8208
1 7768 -8283
1 7851 -8331
1 7943 -8383
1 8080 -8457
1 8127 -8479
1 8177 -8500
1 8274 -8532
1 8335 -8548
1 3408 -3536
1 3414 -3575
1 3436 -3658
1 3547 -3912
1 3954 -4557
1 3999 -4620
1 4256 -4958
1 4526 -5288
1 4719 -5510
1 4782 -5580
1 4851 -5656
1 4981 -5798
1 5849 -6679
1 6424 -7225
1 6494 -7289
1 6635 -7417
1 6784 -7549
1 6967 -7701
1 7176 -7868
1 7301 -7961
1 7515 -8116
1 7865 -8339
1 7981 -8404
1 8025 -8428
1 8172 -8498
1 8301 -8540
1 8321 -8545
1 8353 -8551
1 6550 -7340
1 7528 -8125
1 8001 -8415
