1 1550 -2853
1 3721 -4798
1 2247 -4138
1 1831 -3667
1 3089 -4707
1 1651 -3310
1 2030 -3922
1 2708 -4500
1 3302 -4776
1 1581 -3071
1 1705 -3427
1 1915 -3780
1 2111 -4007
1 2465 -4318
1 2830 -4577
1 3170 -4741
1 3452 -4791
1 1564 -2971
1 1613 -3196
1 1666 -3349
1 1763 -3540
1 1893 -3751
1 1977 -3859
1 2084 -3980
1 2201 -4095
1 2341 -4218
1 2549 -4383
1 2783 -4550
1 2975 -4655
1 3150 -4733
1 3269 -4770
1 3375 -4784
1 3591 -4796
1 1551 -2868
1 1571 -3018
1 1591 -3112
1 1741 -3498
1 1798 -3606
1 1856 -3701
1 1908 -3771
1 1951 -3826
1 2003 -3891
1 2048 -3942
1 2160 -4055
1 2223 -4116
1 2305 -4188
1 2399 -4265
1 2497 -4343
1 2635 -4447
1 2760 -4535
1 2799 -4560
1 2878 -4603
1 3005 -4669
1 3221 -4757
1 3338 -4780
1 3395 -4786
1 3528 -4794
1 3634 -4797
1 1559 -2932
1 1586 -3092
1 1603 -3158
1 1620 -3218
1 1635 -3263
1 1818 -3643
1 2015 -3905
1 2270 -4158
1 2612 -4430
1 2769 -4541
1 2932 -4632
