1 3105 -6403
1 8218 -11119
1 5022 -9866
1 3569 -8036
1 6609 -10849
1 3190 -7092
1 4113 -8862
1 5919 -10509
1 7307 -11023
1 3128 -6776
1 3378 -7641
1 3843 -8485
1 4537 -9374
1 5414 -10178
1 6300 -10718
1 6825 -10922
1 7829 -11095
1 3109 -6554
1 3148 -6909
1 3279 -7374
1 3487 -7877
1 3701 -8260
1 3951 -8646
1 4362 -9170
1 4814 -9667
1 5263 -10065
1 5647 -10336
1 6036 -10580
1 6446 -10784
1 6705 -10884
1 7076 -10979
1 7594 -11067
1 7976 -11107
1 3107 -6514
1 3123 -6734
1 3131 -6798
1 3177 -7044
1 3220 -7196
1 3332 -7522
1 3434 -7765
1 3546 -7994
1 3630 -8142
1 3805 -8427
1 3896 -8565
1 4042 -8770
1 4260 -9046
1 4451 -9276
1 4656 -9503
1 4907 -9758
1 5094 -9928
1 5344 -10127
1 5536 -10262
1 5831 -10454
1 5966 -10538
1 6161 -10647
1 6407 -10767
1 6515 -10812
1 6666 -10870
1 6793 -10913
1 6963 -10955
1 7210 -11006
1 7518 -11056
1 7774 -11089
1 7867 -11099
1 8161 -11118
1 3106 -6474
1 3112 -6594
1 3142 -6870
1 3166 -6994
1 3202 -7134
1 3238 -7252
1 3306 -7450
1 3360 -7596
1 3422 -7739
1 3458 -7816
1 3518 -7939
1 3552 -8005
1 3604 -8097
1 3681 -8227
1 3763 -8360
1 3880 -8541
1 3931 -8617
1 4002 -8716
1 4067 -8803
1 4167 -8930
1 4300 -9095
1 4401 -9217
1 4495 -9327
1 4611 -9455
1 4733 -9584
1 4847 -9700
1 4964 -9812
1 5050 -9891
1 5214 -10026
1 5323 -10111
1 5489 -10230
1 5701 -10371
1 5850 -10466
1 6080 -10604
1 6252 -10694
1 6341 -10737
1 6468 -10793
1 6558 -10829
1 6741 -10896
1 6903 -10941
1 7010 -10965
1 7129 -10990
1 7272 -11017
1 7434 -11043
1 7566 -11063
1 7682 -11078
1 7929 -11104
1 8109 -11115
1 3118 -6671
1 3160 -6966
1 3259 -7315
1 3352 -7575
1 3399 -7688
1 3577 -8050
1 3735 -8315
1 3991 -8701
1 4095 -8839
1 4207 -8980
1 4445 -9269
1 4579 -9420
1 4694 -9543
1 4771 -9623
1 4927 -9777
1 5042 -9884
1 5071 -9909
1 5139 -9965
1 5450 -10203
1 5776 -10419
1 6095 -10612
1 6211 -10673
1 6510 -10810
1 6941 -10950
1 7174 -10999
1 7345 -11029
1 7707 -11081
1 8042 -11111
1 3386 -7659
1 4946 -9795
1 5182 -10000
