1 1950 -3738
1 5160 -6520
1 3001 -5631
1 2274 -4766
1 3971 -6283
1 1997 -4130
1 2605 -5234
1 3557 -6054
1 4545 -6459
1 1963 -3950
1 2087 -4383
1 2392 -4956
1 2750 -5398
1 3301 -5873
1 3835 -6224
1 4225 -6372
1 4891 -6502
1 1956 -3869
1 1972 -4007
1 2030 -4232
1 2171 -4564
1 2320 -4845
1 2490 -5090
1 2675 -5315
1 2838 -5485
1 3154 -5759
1 3441 -5975
1 3712 -6152
1 3855 -6233
1 4089 -6327
1 4308 -6397
1 4648 -6475
1 5047 -6516
1 1954 -3833
1 1960 -3920
1 1982 -4058
1 2023 -4212
1 2060 -4313
1 2122 -4460
1 2234 -4691
1 2284 -4784
1 2347 -4887
1 2443 -5028
1 2565 -5185
1 2648 -5284
1 2692 -5334
1 2786 -5434
1 2900 -5542
1 3105 -5719
1 3241 -5827
1 3396 -5943
1 3483 -6004
1 3603 -6084
1 3783 -6195
1 3846 -6229
1 3936 -6268
1 4019 -6302
1 4196 -6363
1 4291 -6392
1 4389 -6419
1 4587 -6466
1 4821 -6495
1 5008 -6513
1 5066 -6517
1 1953 -3811
1 1959 -3908
1 1961 -3931
1 2143 -4505
1 2211 -4645
1 2248 -4718
1 2373 -4927
1 2534 -5146
1 2578 -5201
1 2863 -5508
1 2954 -5590
1 3055 -5677
1 3196 -5792
1 3348 -5908
1 3668 -6125
1 3753 -6177
1 4112 -6335
1 4451 -6435
1 4614 -6470
1 4725 -6484
1 4953 -6508
1 5125 -6519
1 4786 -6491
