1 1586 -1659
1 3732 -3715
1 2539 -2915
1 1879 -2197
1 3174 -3427
1 1669 -1877
1 2172 -2544
1 2925 -3253
1 3538 -3652
1 1599 -1720
1 1766 -2038
1 2038 -2395
1 2281 -2660
1 2709 -3067
1 3047 -3341
1 3410 -3579
1 3679 -3710
1 1590 -1688
1 1641 -1821
1 1725 -1974
1 1842 -2147
1 1938 -2273
1 2081 -2444
1 2234 -2611
1 2389 -2768
1 2577 -2950
1 2868 -3205
1 2968 -3285
1 3116 -3388
1 3315 -3520
1 3497 -3630
1 3595 -3679
1 3711 -3714
1 1588 -1674
1 1592 -1696
1 1627 -1788
1 1683 -1902
1 1732 -1985
1 1799 -2086
1 1859 -2170
1 1908 -2235
1 1996 -2345
1 2119 -2486
1 2209 -2584
1 2257 -2635
1 2455 -2833
1 2642 -3008
1 2809 -3154
1 2919 -3248
1 2929 -3256
1 3003 -3310
1 3266 -3488
1 3347 -3540
1 3435 -3594
1 3515 -3640
1 3558 -3662
1 3633 -3694
1 1608 -1742
1 1757 -2024
1 1813 -2106
1 1919 -2249
1 2161 -2532
1 2503 -2880
1 2624 -2992
1 2763 -3114
1 3216 -3455
1 3471 -3615
1 3571 -3668
1 3673 -3708
