1 3770 -4004
1 9860 -9879
1 6347 -7374
1 4462 -5286
1 8521 -9182
1 3924 -4442
1 5191 -6172
1 7431 -8340
1 9312 -9672
1 3815 -4216
1 4209 -4924
1 4850 -5774
1 5881 -6909
1 6870 -7857
1 8016 -8808
1 8924 -9456
1 9650 -9825
1 3779 -4091
1 3877 -4352
1 4062 -4686
1 4366 -5155
1 4692 -5579
1 5055 -6020
1 5516 -6524
1 6186 -7216
1 6598 -7611
1 7201 -8146
1 7667 -8533
1 8310 -9029
1 8760 -9348
1 9066 -9541
1 9463 -9745
1 9772 -9866
1 3771 -4030
1 3800 -4170
1 3827 -4246
1 3889 -4376
1 3995 -4570
1 4131 -4800
1 4249 -4985
1 4421 -5231
1 4579 -5436
1 4756 -5659
1 4948 -5893
1 5119 -6092
1 5360 -6356
1 5710 -6730
1 5979 -7009
1 6251 -7280
1 6494 -7514
1 6776 -7773
1 6973 -7948
1 7258 -8195
1 7537 -8428
1 7814 -8650
1 8145 -8906
1 8421 -9110
1 8642 -9267
1 8840 -9402
1 8990 -9496
1 9200 -9613
1 9377 -9705
1 9589 -9800
1 9698 -9842
1 9820 -9875
1 3774 -4059
1 3786 -4120
1 3805 -4186
1 3854 -4304
1 3899 -4395
1 3962 -4511
1 4041 -4650
1 4081 -4718
1 4151 -4832
1 4226 -4950
1 4334 -5109
1 4405 -5209
1 4450 -5270
1 4496 -5330
1 4646 -5521
1 4799 -5712
1 5020 -5979
1 5078 -6046
1 5278 -6267
1 5397 -6396
1 5625 -6640
1 5808 -6833
1 5911 -6940
1 6301 -7329
1 6458 -7480
1 6555 -7571
1 6680 -7686
1 6814 -7807
1 6906 -7889
1 7067 -8030
1 7359 -8280
1 7496 -8394
1 7575 -8459
1 7727 -8581
1 7985 -8784
1 8075 -8853
1 8185 -8936
1 8362 -9067
1 8461 -9139
1 8538 -9194
1 8722 -9322
1 8819 -9388
1 8886 -9432
1 8947 -9470
1 9017 -9512
1 9112 -9566
1 9289 -9660
1 9353 -9693
1 9452 -9740
1 9547 -9782
1 9615 -9811
1 9753 -9860
1 9807 -9873
1 9844 -9878
1 3777 -4081
1 3781 -4100
1 3789 -4131
1 3839 -4272
1 3936 -4464
1 4011 -4598
1 4112 -4769
1 4185 -4886
1 4277 -5026
1 4539 -5385
1 4605 -5469
1 5004 -5960
1 5070 -6037
1 5201 -6183
1 5301 -6292
1 5489 -6495
1 5578 -6590
1 5658 -6675
1 5768 -6791
1 5856 -6883
1 6392 -7417
1 6540 -7557
1 6611 -7623
1 6734 -7735
1 6923 -7904
1 7036 -8003
1 7150 -8102
1 7315 -8243
1 7606 -8484
1 7771 -8616
1 7916 -8730
1 8050 -8834
1 8236 -8974
1 8585 -9227
1 8655 -9276
1 8788 -9367
1 8872 -9423
1 8897 -9439
1 9155 -9589
1 9253 -9641
1 9506 -9764
1 9710 -9846
1 9791 -9870
1 3796 -4156
1 4264 -5007
1 4323 -5093
1 4958 -5905
1 5423 -6424
1 5729 -6750
1 6646 -7655
1 7135 -8089
1 7795 -8635
