1 661 -1566
1 2057 -3056
1 1125 -2560
1 779 -2034
1 1443 -2841
1 704 -1815
1 947 -2339
1 1285 -2720
1 1808 -3000
1 674 -1688
1 728 -1901
1 900 -2261
1 1064 -2493
1 1184 -2621
1 1347 -2770
1 1628 -2930
1 1949 -3040
1 668 -1646
1 693 -1769
1 717 -1865
1 755 -1975
1 841 -2153
1 938 -2325
1 974 -2378
1 1093 -2525
1 1226 -2663
1 1342 -2766
1 1436 -2836
1 1521 -2880
1 1753 -2980
1 1852 -3015
1 2031 -3054
1 664 -1602
1 745 -1948
1 820 -2113
1 862 -2192
1 971 -2374
1 1037 -2459
1 1378 -2793
1 1490 -2865
1 1559 -2898
1 1695 -2957
1 1924 -3034
1 856 -2181
1 1056 -2483
1 1615 -2924
