1 1578 -3233
1 4315 -5983
1 2557 -5099
1 1806 -4115
1 3282 -5646
1 1654 -3764
1 2135 -4604
1 2943 -5438
1 3759 -5860
1 1605 -3500
1 1695 -3874
1 1960 -4361
1 2408 -4939
1 2754 -5287
1 3053 -5515
1 3591 -5799
1 4045 -5940
1 1586 -3348
1 1635 -3679
1 1680 -3839
1 1758 -4016
1 1886 -4247
1 2011 -4434
1 2307 -4820
1 2467 -5004
1 2676 -5217
1 2826 -5347
1 3029 -5500
1 3183 -5591
1 3420 -5715
1 3646 -5820
1 3904 -5905
1 4215 -5975
1 1581 -3291
1 1594 -3422
1 1614 -3557
1 1644 -3723
1 1665 -3797
1 1720 -3931
1 1782 -4068
1 1852 -4192
1 1922 -4303
1 1984 -4396
1 2084 -4535
1 2169 -4648
1 2345 -4865
1 2428 -4962
1 2530 -5071
1 2626 -5168
1 2735 -5270
1 2793 -5320
1 2883 -5392
1 2977 -5463
1 3040 -5507
1 3111 -5549
1 3247 -5627
1 3554 -5781
1 3609 -5806
1 3713 -5844
1 3841 -5886
1 3968 -5922
1 4173 -5967
1 4256 -5980
1 1580 -3276
1 1592 -3405
1 1622 -3604
1 1740 -3976
1 1811 -4124
1 1881 -4239
1 2063 -4506
1 2145 -4617
1 2277 -4783
1 2362 -4885
1 2495 -5034
1 2860 -5374
1 2901 -5406
1 3220 -5612
1 3258 -5633
1 3493 -5751
1 3638 -5817
1 3682 -5833
1 3930 -5912
1 4005 -5931
1 4111 -5954
1 1820 -4139
