1 885 -1335
1 2357 -2626
1 1444 -2305
1 1056 -1833
1 1758 -2490
1 904 -1527
1 1248 -2104
1 1564 -2394
1 2067 -2581
1 891 -1430
1 962 -1664
1 1162 -1994
1 1309 -2173
1 1511 -2356
1 1644 -2440
1 1897 -2536
1 2200 -2608
1 887 -1372
1 897 -1482
1 942 -1622
1 973 -1686
1 1084 -1881
1 1182 -2021
1 1280 -2141
1 1375 -2240
1 1449 -2309
1 1522 -2364
1 1607 -2419
1 1723 -2477
1 1840 -2518
1 1928 -2545
1 2123 -2593
1 2286 -2621
1 923 -1577
1 1006 -1745
1 1111 -1921
1 1227 -2078
1 1266 -2125
1 1431 -2293
1 1697 -2465
1 1813 -2509
1 2020 -2569
1 2085 -2585
1 2272 -2619
1 2313 -2623
1 914 -1554
1 1040 -1805
1 1092 -1893
1 1148 -1974
1 1235 -2088
