1 1221 -1229
1 2969 -3142
1 1915 -2264
1 1380 -1587
1 2514 -2850
1 1273 -1400
1 1647 -1952
1 2196 -2557
1 2820 -3081
1 1237 -1311
1 1326 -1502
1 1475 -1721
1 1773 -2104
1 2038 -2396
1 2391 -2741
1 2624 -2940
1 2906 -3131
1 1222 -1252
1 1258 -1365
1 1297 -1447
1 1366 -1566
1 1416 -1640
1 1558 -1834
1 1683 -1997
1 1866 -2210
1 1977 -2331
1 2125 -2486
1 2303 -2659
1 2454 -2797
1 2582 -2906
1 2794 -3064
1 2870 -3113
1 2935 -3139
1 1232 -1294
1 1250 -1345
1 1263 -1377
1 1347 -1536
1 1448 -1684
1 1508 -1766
1 1629 -1929
1 1723 -2045
1 1827 -2166
1 1905 -2253
1 1938 -2289
1 2063 -2422
1 2242 -2601
1 2365 -2717
1 2693 -2991
1 2803 -3070
1 2883 -3120
1 2922 -3136
1 2956 -3141
1 1229 -1282
1 1593 -1881
1 1636 -1938
1 2263 -2621
1 2335 -2689
1 2656 -2964
1 2751 -3033
1 2877 -3117
1 2945 -3140
