1 3076 -6517
1 7966 -11098
1 4632 -9596
1 3498 -8092
1 6190 -10640
1 3204 -7326
1 4065 -9013
1 5332 -10154
1 7027 -10933
1 3116 -6898
1 3336 -7723
1 3757 -8554
1 4294 -9265
1 5053 -9954
1 5757 -10415
1 6566 -10791
1 7494 -11041
1 3085 -6681
1 3154 -7110
1 3266 -7533
1 3441 -7977
1 3614 -8309
1 3935 -8830
1 4194 -9160
1 4483 -9454
1 4806 -9752
1 5192 -10057
1 5538 -10285
1 5951 -10522
1 6454 -10750
1 6769 -10859
1 7313 -11004
1 7716 -11076
1 3079 -6621
1 3103 -6815
1 3138 -7025
1 3188 -7264
1 3225 -7402
1 3300 -7628
1 3388 -7854
1 3446 -7988
1 3549 -8191
1 3683 -8429
1 3853 -8707
1 3972 -8884
1 4103 -9057
1 4231 -9200
1 4545 -9514
1 4720 -9677
1 4926 -9852
1 5106 -9994
1 5223 -10079
1 5393 -10194
1 5679 -10370
1 5868 -10477
1 6040 -10567
1 6392 -10725
1 6499 -10767
1 6688 -10833
1 6922 -10905
1 7188 -10974
1 7425 -11028
1 7620 -11062
1 7933 -11097
1 3078 -6601
1 3098 -6778
1 3130 -6980
1 3152 -7100
1 3167 -7171
1 3192 -7281
1 3221 -7388
1 3245 -7466
1 3286 -7589
1 3314 -7665
1 3370 -7810
1 3402 -7887
1 3521 -8137
1 3570 -8230
1 3651 -8374
1 3693 -8446
1 3823 -8660
1 4026 -8959
1 4075 -9025
1 4139 -9098
1 4215 -9183
1 4580 -9547
1 4679 -9640
1 4748 -9702
1 4858 -9796
1 4963 -9882
1 5086 -9979
1 5140 -10019
1 5291 -10126
1 5338 -10158
1 5482 -10250
1 5639 -10346
1 5816 -10448
1 5912 -10501
1 5994 -10544
1 6128 -10610
1 6289 -10682
1 6635 -10815
1 6731 -10847
1 6891 -10896
1 7000 -10926
1 7105 -10953
1 7245 -10988
1 7364 -11015
1 7478 -11038
1 7665 -11069
1 7767 -11082
1 3077 -6561
1 3089 -6711
1 3124 -6945
1 3133 -6997
1 3177 -7216
1 3355 -7772
1 3427 -7945
1 3595 -8275
1 3631 -8339
1 3738 -8522
1 3783 -8596
1 4162 -9124
1 4691 -9651
1 4915 -9843
1 5447 -10228
1 5581 -10311
1 6087 -10590
1 6165 -10628
1 6218 -10652
1 6332 -10700
1 6703 -10838
1 6825 -10876
1 6959 -10915
1 7701 -11074
1 7758 -11081
1 7820 -11087
1 6251 -10666
1 7899 -11094
