1 1075 -2183
1 2790 -3705
1 1607 -3189
1 1227 -2663
1 2224 -3570
1 1112 -2394
1 1399 -2944
1 1849 -3380
1 2533 -3672
1 1084 -2283
1 1172 -2547
1 1327 -2840
1 1521 -3100
1 1693 -3263
1 2050 -3490
1 2373 -3627
1 2678 -3699
1 1076 -2227
1 1095 -2340
1 1118 -2412
1 1189 -2585
1 1289 -2776
1 1347 -2871
1 1437 -2995
1 1570 -3155
1 1631 -3210
1 1726 -3289
1 1953 -3440
1 2157 -3540
1 2309 -3604
1 2416 -3641
1 2612 -3690
1 2740 -3704
1 1088 -2305
1 1131 -2445
1 1208 -2625
1 1268 -2738
1 1302 -2799
1 1415 -2966
1 1488 -3060
1 1558 -3142
1 1580 -3165
1 1780 -3329
1 1879 -3398
1 2011 -3470
1 2056 -3493
1 2333 -3613
1 2476 -3657
1 2576 -3682
1 1147 -2485
1 1418 -2970
1 1455 -3018
1 1528 -3108
1 1907 -3414
1 2086 -3507
1 1944 -3435
