1 3343 -3520
1 8446 -8815
1 5467 -6555
1 3993 -4808
1 7146 -8041
1 3490 -3970
1 4602 -5597
1 6332 -7371
1 7928 -8586
1 3376 -3676
1 3711 -4369
1 4342 -5275
1 5040 -6098
1 5826 -6911
1 6768 -7742
1 7632 -8395
1 8280 -8771
1 3354 -3597
1 3432 -3833
1 3612 -4198
1 3863 -4616
1 4135 -5003
1 4449 -5411
1 4793 -5820
1 5268 -6346
1 5699 -6789
1 6538 -7550
1 7032 -7954
1 7426 -8249
1 7809 -8514
1 8031 -8645
1 8362 -8801
1 3348 -3566
1 3363 -3633
1 3404 -3757
1 3475 -3937
1 3535 -4056
1 3667 -4295
1 3773 -4471
1 3930 -4717
1 4047 -4884
1 4230 -5129
1 4424 -5380
1 4530 -5511
1 4673 -5681
1 4873 -5911
1 5137 -6204
1 5328 -6410
1 5547 -6637
1 5769 -6857
1 5944 -7021
1 6190 -7244
1 6410 -7439
1 6632 -7629
1 6865 -7821
1 7062 -7977
1 7294 -8152
1 7528 -8322
1 7696 -8439
1 7868 -8550
1 7955 -8602
1 8169 -8716
1 8320 -8787
1 8417 -8813
1 3346 -3549
1 3357 -3611
1 3369 -3653
1 3386 -3706
1 3415 -3787
1 3451 -3880
1 3484 -3958
1 3527 -4041
1 3590 -4158
1 3635 -4239
1 3684 -4324
1 3749 -4432
1 3807 -4526
1 3895 -4665
1 3970 -4775
1 4026 -4855
1 4089 -4941
1 4186 -5071
1 4246 -5150
1 4380 -5324
1 4487 -5458
1 4560 -5547
1 4640 -5642
1 4709 -5723
1 4842 -5876
1 4937 -5983
1 5093 -6156
1 5172 -6242
1 5372 -6456
1 5500 -6589
1 5740 -6829
1 5900 -6980
1 5968 -7043
1 6099 -7162
1 6277 -7322
1 6348 -7385
1 6531 -7544
1 6564 -7572
1 6692 -7679
1 6829 -7792
1 6915 -7861
1 7121 -8022
1 7259 -8126
1 7366 -8205
1 7493 -8297
1 7582 -8360
1 7658 -8413
1 7747 -8473
1 7822 -8522
1 7997 -8626
1 8118 -8690
1 8271 -8767
1 8307 -8782
1 8355 -8799
1 8387 -8807
1 8426 -8814
1 3434 -3838
1 3456 -3892
1 3515 -4018
1 3570 -4121
1 3794 -4505
1 3825 -4555
1 4000 -4818
1 4322 -5249
1 4470 -5437
1 4754 -5775
1 4979 -6030
1 5419 -6505
1 5841 -6925
1 5991 -7064
1 6046 -7114
1 6130 -7190
1 6239 -7288
1 6305 -7347
1 6463 -7485
1 6589 -7593
1 6751 -7728
1 6818 -7783
1 6964 -7900
1 7195 -8078
1 8020 -8639
1 8312 -8784
1 8370 -8803
1 3853 -4600
1 4279 -5193
