1 1591 -2467
1 3837 -4436
1 2336 -3881
1 1787 -3265
1 3014 -4280
1 1635 -2864
1 2023 -3572
1 2612 -4083
1 3397 -4390
1 1605 -2684
1 1702 -3071
1 1904 -3425
1 2182 -3736
1 2412 -3943
1 2803 -4185
1 3236 -4353
1 3591 -4420
1 1594 -2535
1 1618 -2783
1 1662 -2962
1 1739 -3165
1 1813 -3303
1 1971 -3509
1 2091 -3644
1 2251 -3803
1 2363 -3904
1 2456 -3975
1 2761 -4164
1 2881 -4223
1 3116 -4315
1 3287 -4367
1 3554 -4416
1 3790 -4435
1 1602 -2645
1 1610 -2727
1 1629 -2837
1 1652 -2927
1 1674 -2997
1 1729 -3140
1 1774 -3240
1 1857 -3363
1 1926 -3453
1 1993 -3536
1 2034 -3584
1 2153 -3707
1 2225 -3778
1 2299 -3848
1 2343 -3887
1 2555 -4044
1 2649 -4104
1 2848 -4207
1 2979 -4266
1 3045 -4291
1 3177 -4335
1 3353 -4381
1 3442 -4398
1 3632 -4424
1 1599 -2604
1 1755 -3200
1 1885 -3400
1 2268 -3819
1 2327 -3873
1 2519 -4019
1 2688 -4125
1 2901 -4232
1 3510 -4409
1 3611 -4422
1 3716 -4430
