1 1913 -3880
1 4017 -5849
1 2622 -5220
1 2119 -4663
1 3315 -5680
1 1943 -4211
1 2244 -4834
1 2970 -5487
1 3704 -5819
1 1925 -4134
1 2011 -4422
1 2159 -4731
1 2503 -5105
1 2848 -5404
1 3116 -5577
1 3535 -5773
1 3869 -5840
1 1915 -3967
1 1930 -4160
1 1991 -4370
1 2069 -4559
1 2152 -4720
1 2213 -4798
1 2334 -4931
1 2556 -5157
1 2728 -5310
1 2881 -5427
1 2989 -5499
1 3278 -5662
1 3496 -5758
1 3581 -5788
1 3728 -5823
1 3927 -5844
1 1922 -4098
1 1931 -4164
1 1970 -4304
1 1997 -4386
1 2037 -4484
1 2101 -4626
1 2183 -4761
1 2276 -4869
1 2412 -5012
1 2524 -5126
1 2668 -5261
1 2783 -5354
1 2852 -5407
1 2937 -5465
1 2981 -5494
1 3041 -5531
1 3215 -5629
1 3302 -5674
1 3368 -5703
1 3643 -5804
1 3715 -5821
1 3799 -5832
1 3977 -5847
1 1918 -4026
1 1952 -4243
1 2021 -4446
1 2315 -4911
1 2379 -4978
1 2456 -5057
1 2652 -5247
1 2679 -5270
1 2754 -5331
1 3135 -5587
1 3440 -5734
1 3600 -5793
1 1950 -4236
1 1967 -4294
