1 1412 -1424
1 3529 -3511
1 2253 -2571
1 1619 -1859
1 2865 -3118
1 1443 -1570
1 1977 -2290
1 2640 -2934
1 3295 -3401
1 1422 -1507
1 1531 -1731
1 1756 -2033
1 2092 -2410
1 2420 -2732
1 2726 -3008
1 3076 -3265
1 3452 -3483
1 1413 -1448
1 1434 -1551
1 1493 -1666
1 1552 -1764
1 1689 -1951
1 1877 -2176
1 2023 -2339
1 2361 -2676
1 2569 -2870
1 2666 -2957
1 2797 -3065
1 2980 -3200
1 3132 -3301
1 3368 -3441
1 3519 -3509
1 1419 -1490
1 1428 -1530
1 1458 -1600
1 1517 -1708
1 1541 -1747
1 1571 -1791
1 1650 -1900
1 1727 -1998
1 1842 -2135
1 1923 -2229
1 1987 -2301
1 2048 -2365
1 2326 -2642
1 2385 -2699
1 2520 -2825
1 2591 -2890
1 2694 -2981
1 2792 -3061
1 2852 -3108
1 2922 -3159
1 3046 -3245
1 3231 -3362
1 3334 -3423
1 3435 -3475
1 3476 -3493
1 3522 -3510
1 1415 -1463
1 1478 -1638
1 1871 -2169
1 1896 -2198
1 2290 -2607
1 2465 -2774
1 2707 -2992
1 2915 -3154
1 2963 -3188
1 3166 -3322
1 3249 -3373
1 3307 -3408
1 3399 -3457
1 3484 -3496
1 2436 -2747
1 2479 -2787
