1 1249 -1333
1 2953 -2927
1 1915 -2182
1 1486 -1725
1 2442 -2632
1 1295 -1463
1 1663 -1927
1 2155 -2397
1 2790 -2861
1 1253 -1370
1 1381 -1589
1 1564 -1820
1 1777 -2046
1 2046 -2302
1 2272 -2496
1 2567 -2719
1 2870 -2904
1 1250 -1351
1 1264 -1399
1 1337 -1526
1 1408 -1625
1 1520 -1768
1 1599 -1858
1 1733 -2001
1 1843 -2112
1 2005 -2265
1 2084 -2336
1 2228 -2459
1 2380 -2584
1 2493 -2668
1 2703 -2808
1 2830 -2883
1 2938 -2926
1 1252 -1365
1 1279 -1430
1 1314 -1492
1 1350 -1545
1 1547 -1800
1 1713 -1980
1 1891 -2159
1 1981 -2243
1 2127 -2373
1 2195 -2431
1 2327 -2541
1 2426 -2620
1 2535 -2697
1 2669 -2786
1 2759 -2843
1 2806 -2870
1 2903 -2916
1 2605 -2744
1 2689 -2799
1 2730 -2825
1 2817 -2876
1 2913 -2919
