1 2695 -2836
1 6853 -6816
1 4262 -4931
1 3320 -3907
1 5785 -6212
1 2878 -3267
1 3725 -4385
1 5010 -5608
1 6429 -6646
1 2760 -3042
1 3012 -3477
1 3490 -4116
1 4055 -4728
1 4626 -5272
1 5288 -5836
1 6210 -6511
1 6659 -6762
1 2703 -2879
1 2806 -3136
1 2953 -3390
1 3187 -3726
1 3410 -4019
1 3621 -4268
1 3812 -4478
1 4142 -4815
1 4494 -5150
1 4867 -5485
1 5171 -5742
1 5443 -5956
1 6015 -6377
1 6275 -6554
1 6560 -6716
1 6728 -6788
1 2697 -2853
1 2726 -2950
1 2794 -3112
1 2842 -3203
1 2921 -3339
1 2966 -3410
1 3116 -3626
1 3266 -3834
1 3341 -3934
1 3446 -4063
1 3519 -4150
1 3704 -4362
1 3764 -4427
1 3967 -4638
1 4208 -4879
1 4322 -4988
1 4550 -5202
1 4666 -5308
1 4922 -5533
1 5090 -5675
1 5224 -5785
1 5400 -5923
1 5695 -6146
1 5878 -6279
1 6082 -6424
1 6234 -6527
1 6394 -6626
1 6520 -6695
1 6629 -6749
1 6696 -6776
1 6810 -6809
1 2701 -2872
1 2715 -2917
1 2740 -2990
1 2776 -3075
1 2823 -3168
1 2891 -3289
1 2946 -3379
1 2962 -3404
1 2992 -3448
1 3081 -3576
1 3135 -3653
1 3230 -3785
1 3300 -3880
1 3333 -3924
1 3358 -3955
1 3465 -4086
1 3563 -4201
1 3656 -4308
1 3750 -4412
1 3870 -4538
1 4003 -4675
1 4237 -4907
1 4284 -4952
1 4410 -5071
1 4602 -5250
1 4657 -5300
1 4760 -5391
1 4891 -5506
1 4991 -5592
1 5072 -5660
1 5125 -5704
1 5198 -5764
1 5249 -5805
1 5360 -5892
1 5426 -5943
1 5590 -6067
1 5759 -6193
1 5828 -6243
1 5945 -6327
1 6148 -6469
1 6324 -6584
1 6462 -6664
1 6574 -6723
1 6779 -6802
1 6840 -6815
1 2748 -3011
1 3051 -3533
1 3162 -3691
1 3544 -4179
1 3595 -4238
1 3933 -4603
1 4375 -5038
1 4444 -5103
1 4726 -5361
1 4818 -5442
1 4929 -5539
1 5484 -5987
1 5659 -6119
1 5714 -6160
1 6288 -6562
1 6449 -6657
1 6757 -6796
