1 1269 -2353
1 3276 -3656
1 1834 -3138
1 1478 -2821
1 2506 -3467
1 1322 -2552
1 1639 -2982
1 2170 -3326
1 2993 -3614
1 1291 -2446
1 1378 -2656
1 1575 -2924
1 1734 -3063
1 1996 -3235
1 2300 -3387
1 2825 -3569
1 3140 -3640
1 1273 -2376
1 1310 -2517
1 1351 -2609
1 1467 -2805
1 1540 -2888
1 1589 -2937
1 1669 -3008
1 1814 -3125
1 1934 -3199
1 2069 -3275
1 2207 -3344
1 2395 -3426
1 2600 -3500
1 2843 -3574
1 3016 -3619
1 3229 -3652
1 1319 -2545
1 1325 -2558
1 1441 -2762
1 1496 -2841
1 1573 -2922
1 1766 -3088
1 1889 -3172
1 1989 -3231
1 2128 -3305
1 2276 -3376
1 2348 -3407
1 2424 -3437
1 2568 -3489
1 2671 -3522
1 3092 -3632
1 3174 -3645
1 1394 -2683
1 1871 -3161
1 2551 -3483
1 2769 -3552
1 3051 -3625
