1 2390 -4310
1 5839 -8352
1 3434 -6895
1 2673 -5643
1 4593 -7935
1 2463 -4963
1 3010 -6307
1 4037 -7492
1 5151 -8206
1 2408 -4624
1 2584 -5408
1 2783 -5893
1 3213 -6613
1 3659 -7135
1 4395 -7799
1 4854 -8080
1 5495 -8301
1 2395 -4459
1 2426 -4768
1 2537 -5245
1 2623 -5517
1 2751 -5825
1 2890 -6097
1 3096 -6441
1 3357 -6803
1 3546 -7018
1 3778 -7250
1 4227 -7660
1 4531 -7895
1 4745 -8024
1 5041 -8166
1 5337 -8260
1 5712 -8342
1 2392 -4396
1 2400 -4529
1 2417 -4701
1 2452 -4911
1 2480 -5031
1 2566 -5347
1 2595 -5440
1 2640 -5560
1 2718 -5750
1 2762 -5849
1 2827 -5979
1 2972 -6242
1 3032 -6343
1 3168 -6548
1 3273 -6694
1 3411 -6868
1 3518 -6988
1 3633 -7109
1 3711 -7186
1 3974 -7434
1 4164 -7605
1 4334 -7750
1 4470 -7853
1 4560 -7914
1 4666 -7979
1 4758 -8031
1 4970 -8134
1 5083 -8182
1 5199 -8221
1 5455 -8291
1 5594 -8321
1 5791 -8351
1 2394 -4440
1 2405 -4590
1 2419 -4717
1 2432 -4803
1 2507 -5133
1 2548 -5284
1 2586 -5414
1 2608 -5476
1 2686 -5674
1 2807 -5940
1 2858 -6038
1 2927 -6163
1 3069 -6400
1 3118 -6474
1 3237 -6646
1 3286 -6711
1 3361 -6808
1 3440 -6902
1 3583 -7057
1 3734 -7208
1 3913 -7377
1 3989 -7448
1 4101 -7549
1 4204 -7640
1 4299 -7721
1 4435 -7828
1 4543 -7903
1 4685 -7990
1 4795 -8050
1 4905 -8104
1 5061 -8174
1 5125 -8197
1 5176 -8214
1 5273 -8242
1 5382 -8272
1 5529 -8308
1 5672 -8335
1 5759 -8348
1 2402 -4554
1 2530 -5219
1 2900 -6115
1 3323 -6759
1 3478 -6944
1 3846 -7314
1 4273 -7699
1 4850 -8078
1 5405 -8278
1 5644 -8330
1 5751 -8347
