1 2570 -2731
1 6660 -6826
1 4096 -4857
1 3025 -3628
1 5509 -6129
1 2746 -3178
1 3484 -4196
1 4781 -5514
1 6113 -6547
1 2617 -2886
1 2831 -3335
1 3203 -3861
1 3749 -4492
1 4467 -5222
1 5151 -5838
1 5805 -6348
1 6578 -6807
1 2584 -2796
1 2673 -3022
1 2792 -3268
1 2938 -3503
1 3114 -3748
1 3342 -4030
1 3635 -4367
1 3948 -4704
1 4226 -4987
1 4595 -5343
1 4985 -5695
1 5357 -6008
1 5641 -6229
1 5959 -6452
1 6371 -6698
1 6610 -6819
1 2574 -2762
1 2594 -2825
1 2656 -2983
1 2726 -3137
1 2771 -3227
1 2814 -3307
1 2904 -3451
1 2980 -3564
1 3070 -3690
1 3155 -3801
1 3268 -3941
1 3402 -4101
1 3520 -4237
1 3694 -4432
1 3817 -4565
1 4007 -4766
1 4366 -5124
1 4549 -5300
1 4719 -5458
1 4875 -5598
1 5086 -5783
1 5237 -5910
1 5423 -6061
1 5597 -6196
1 5724 -6290
1 5903 -6415
1 5995 -6475
1 6272 -6641
1 6453 -6742
1 6587 -6811
1 6643 -6824
1 2576 -2769
1 2604 -2852
1 2643 -2951
1 2666 -3006
1 2706 -3094
1 2737 -3160
1 2810 -3300
1 2817 -3312
1 2878 -3410
1 2949 -3519
1 3013 -3611
1 3043 -3653
1 3141 -3783
1 3170 -3820
1 3241 -3908
1 3296 -3975
1 3385 -4081
1 3427 -4130
1 3505 -4220
1 3664 -4399
1 3726 -4467
1 3788 -4534
1 3879 -4631
1 4042 -4802
1 4280 -5040
1 4403 -5160
1 4488 -5242
1 4565 -5315
1 4694 -5435
1 4829 -5557
1 4943 -5658
1 5049 -5751
1 5202 -5881
1 5298 -5960
1 5393 -6037
1 5452 -6084
1 5564 -6171
1 5664 -6246
1 5774 -6326
1 5843 -6374
1 5933 -6435
1 6049 -6508
1 6158 -6574
1 6327 -6673
1 6395 -6711
1 6533 -6784
1 6615 -6820
1 2689 -3057
1 2856 -3375
1 3124 -3761
1 3306 -3987
1 3558 -4280
1 3604 -4332
1 3737 -4479
1 3913 -4667
1 4324 -5083
1 4436 -5192
1 4652 -5396
1 4857 -5582
1 5214 -5891
1 5254 -5924
1 5543 -6155
1 5795 -6341
1 6231 -6617
1 6423 -6726
1 6491 -6762
1 6197 -6597
