1 4456 -4698
1 11231 -11537
1 7299 -8620
1 5273 -6278
1 9496 -10586
1 4673 -5304
1 6198 -7437
1 8453 -9714
1 10459 -11224
1 4513 -4953
1 4980 -5846
1 5665 -6796
1 6687 -7981
1 7763 -9077
1 9034 -10218
1 10005 -10945
1 10936 -11461
1 4469 -4793
1 4554 -5056
1 4803 -5547
1 5128 -6074
1 5477 -6553
1 5878 -7060
1 6424 -7693
1 6973 -8285
1 7546 -8867
1 8153 -9442
1 8727 -9956
1 9279 -10417
1 9744 -10765
1 10209 -11077
1 10675 -11339
1 11081 -11511
1 4459 -4733
1 4489 -4875
1 4528 -4994
1 4629 -5216
1 4756 -5461
1 4904 -5721
1 5032 -5929
1 5207 -6186
1 5396 -6445
1 5638 -6762
1 5798 -6962
1 6047 -7261
1 6280 -7531
1 6581 -7866
1 6845 -8150
1 7109 -8426
1 7630 -8949
1 7956 -9259
1 8279 -9557
1 8553 -9803
1 8911 -10114
1 9103 -10275
1 9360 -10481
1 9537 -10616
1 9890 -10867
1 10139 -11033
1 10340 -11156
1 10629 -11316
1 10832 -11415
1 10995 -11484
1 11146 -11526
1 4457 -4712
1 4465 -4771
1 4475 -4819
1 4500 -4912
1 4544 -5033
1 4576 -5104
1 4652 -5263
1 4716 -5386
1 4775 -5496
1 4857 -5641
1 4961 -5815
1 5025 -5918
1 5087 -6013
1 5173 -6138
1 5242 -6235
1 5303 -6319
1 5437 -6500
1 5540 -6635
1 5769 -6926
1 5840 -7014
1 5992 -7196
1 6142 -7372
1 6244 -7490
1 6357 -7618
1 6499 -7776
1 6635 -7925
1 6742 -8040
1 6928 -8238
1 7075 -8391
1 7184 -8503
1 7595 -8915
1 7715 -9031
1 7872 -9180
1 8071 -9366
1 8189 -9475
1 8342 -9614
1 8509 -9764
1 8638 -9878
1 8786 -10007
1 8931 -10131
1 9063 -10242
1 9234 -10381
1 9327 -10455
1 9472 -10568
1 9511 -10597
1 9684 -10722
1 9788 -10796
1 9987 -10933
1 10070 -10988
1 10169 -11052
1 10298 -11131
1 10407 -11195
1 10514 -11254
1 10767 -11384
1 10889 -11441
1 10966 -11473
1 11035 -11497
1 11101 -11516
1 11177 -11531
1 4458 -4723
1 4461 -4746
1 4493 -4889
1 4504 -4925
1 4532 -5004
1 4550 -5047
1 4570 -5091
1 4608 -5172
1 4696 -5348
1 4823 -5582
1 4881 -5682
1 4944 -5787
1 5068 -5984
1 5105 -6040
1 5281 -6289
1 5362 -6399
1 5425 -6484
1 5490 -6570
1 5604 -6718
1 5854 -7031
1 5908 -7096
1 6019 -7228
1 6088 -7309
1 6173 -7408
1 6265 -7514
1 6326 -7583
1 6373 -7636
1 6461 -7734
1 6560 -7843
1 6800 -8102
1 6911 -8220
1 6997 -8310
1 7146 -8464
1 7236 -8556
1 7660 -8978
1 7819 -9130
1 7924 -9229
1 8014 -9313
1 8126 -9417
1 8403 -9669
1 8679 -9914
1 8856 -10067
1 8989 -10180
1 9182 -10339
1 9423 -10530
1 9659 -10704
1 9716 -10745
1 9831 -10826
1 9912 -10882
1 10096 -11005
1 10260 -11108
1 10381 -11180
1 10432 -11209
1 10551 -11274
1 10724 -11363
1 10792 -11396
1 10869 -11432
1 10984 -11480
1 11004 -11487
1 11067 -11507
1 11123 -11521
1 11164 -11529
1 11216 -11536
1 4618 -5193
1 5331 -6357
1 5577 -6683
1 5934 -7127
1 9161 -10322
1 10813 -11406
1 10845 -11421
1 10880 -11437
1 11208 -11535
