1 3092 -5732
1 7210 -9558
1 4151 -8173
1 3329 -6993
1 5649 -9173
1 3162 -6514
1 3704 -7663
1 4872 -8743
1 6443 -9462
1 3114 -6211
1 3225 -6731
1 3509 -7360
1 3941 -7963
1 4493 -8465
1 5306 -8998
1 6062 -9347
1 6831 -9524
1 3102 -6054
1 3135 -6360
1 3186 -6610
1 3290 -6900
1 3377 -7097
1 3601 -7509
1 3836 -7840
1 4002 -8027
1 4340 -8340
1 4672 -8600
1 5085 -8872
1 5514 -9109
1 5910 -9287
1 6196 -9392
1 6602 -9493
1 7010 -9544
1 3094 -5834
1 3106 -6110
1 3121 -6269
1 3141 -6397
1 3176 -6571
1 3204 -6670
1 3264 -6834
1 3301 -6927
1 3344 -7026
1 3486 -7317
1 3537 -7408
1 3673 -7617
1 3753 -7732
1 3867 -7878
1 3969 -7993
1 4074 -8099
1 4245 -8257
1 4448 -8429
1 4554 -8512
1 4785 -8682
1 4957 -8796
1 5226 -8953
1 5375 -9036
1 5582 -9142
1 5786 -9234
1 6001 -9324
1 6117 -9367
1 6368 -9442
1 6528 -9480
1 6640 -9499
1 6960 -9539
1 7130 -9553
1 3098 -5953
1 3104 -6083
1 3113 -6199
1 3118 -6245
1 3130 -6328
1 3154 -6471
1 3209 -6685
1 3249 -6795
1 3442 -7229
1 3565 -7453
1 3728 -7697
1 3792 -7784
1 3848 -7855
1 3887 -7901
1 4117 -8141
1 4219 -8234
1 4296 -8302
1 4404 -8393
1 4528 -8492
1 4649 -8583
1 4709 -8627
1 4850 -8728
1 4920 -8773
1 5007 -8826
1 5149 -8909
1 5270 -8978
1 5477 -9090
1 5597 -9149
1 5705 -9198
1 5856 -9264
1 5986 -9318
1 6054 -9344
1 6160 -9381
1 6223 -9400
1 6419 -9456
1 6555 -9485
1 6738 -9512
1 6881 -9530
1 6969 -9540
1 7049 -9547
1 3096 -5895
1 3100 -6006
1 3107 -6123
1 3156 -6482
1 3409 -7162
1 4333 -8334
1 4570 -8524
1 4738 -8648
1 5051 -8852
1 5422 -9061
1 6285 -9418
1 6584 -9490
1 6670 -9503
1 6792 -9519
1 3095 -5865
1 6323 -9429
