1 1945 -1973
1 3963 -4043
1 2583 -3032
1 2121 -2437
1 3312 -3703
1 1986 -2155
1 2339 -2748
1 3077 -3510
1 3708 -3948
1 1956 -2044
1 2051 -2306
1 2237 -2611
1 2453 -2890
1 2865 -3311
1 3157 -3582
1 3517 -3839
1 3874 -4026
1 1950 -2016
1 1969 -2098
1 2024 -2248
1 2092 -2387
1 2185 -2536
1 2279 -2669
1 2401 -2826
1 2526 -2972
1 2691 -3141
1 2978 -3418
1 3123 -3552
1 3214 -3627
1 3387 -3755
1 3584 -3880
1 3818 -4003
1 3899 -4034
1 1947 -1995
1 1962 -2070
1 1979 -2133
1 1998 -2185
1 2036 -2274
1 2069 -2343
1 2109 -2417
1 2159 -2496
1 2205 -2565
1 2263 -2647
1 2307 -2706
1 2369 -2786
1 2438 -2872
1 2497 -2940
1 2561 -3009
1 2630 -3080
1 2791 -3239
1 2912 -3356
1 3035 -3471
1 3168 -3591
1 3356 -3734
1 3448 -3795
1 3556 -3863
1 3660 -3922
1 3833 -4010
1 3888 -4031
1 3934 -4040
1 1984 -2149
1 2007 -2207
1 2064 -2333
1 2081 -2366
1 2139 -2465
1 2170 -2513
1 2543 -2990
1 2746 -3195
1 2831 -3278
1 3372 -3745
1 3422 -3778
1 3493 -3824
1 3611 -3895
1 3671 -3928
1 3735 -3962
1 3789 -3989
1 3866 -4023
1 3910 -4036
1 3953 -4042
1 2019 -2236
1 3640 -3911
