1 2089 -2158
1 5088 -5107
1 3219 -3760
1 2362 -2752
1 4313 -4689
1 2147 -2374
1 2765 -3266
1 3807 -4288
1 4785 -4990
1 2105 -2254
1 2234 -2547
1 2568 -3028
1 2999 -3532
1 3366 -3900
1 4121 -4546
1 4569 -4864
1 4975 -5088
1 2091 -2179
1 2128 -2325
1 2217 -2516
1 2302 -2662
1 2477 -2911
1 2682 -3168
1 2907 -3431
1 3095 -3635
1 3290 -3829
1 3603 -4111
1 3987 -4439
1 4195 -4602
1 4486 -4810
1 4677 -4930
1 4954 -5078
1 5022 -5102
1 2090 -2170
1 2096 -2208
1 2112 -2279
1 2140 -2357
1 2164 -2410
1 2224 -2529
1 2275 -2618
1 2340 -2720
1 2433 -2852
1 2536 -2987
1 2619 -3091
1 2704 -3194
1 2805 -3313
1 2923 -3449
1 3035 -3571
1 3133 -3674
1 3261 -3801
1 3322 -3859
1 3508 -4027
1 3718 -4212
1 3910 -4375
1 4048 -4488
1 4163 -4578
1 4242 -4637
1 4421 -4765
1 4532 -4840
1 4655 -4917
1 4723 -4956
1 4834 -5016
1 4998 -5096
1 5058 -5106
1 2094 -2197
1 2104 -2250
1 2155 -2391
1 2258 -2589
1 2278 -2623
1 2309 -2673
1 2355 -2742
1 2391 -2793
1 2494 -2933
1 2641 -3118
1 2861 -3378
1 2944 -3472
1 3064 -3602
1 3352 -3887
1 3462 -3986
1 3535 -4051
1 3669 -4169
1 3766 -4253
1 3833 -4310
1 3970 -4425
1 4043 -4484
1 4092 -4523
1 4276 -4662
1 4371 -4730
1 4467 -4797
1 4606 -4887
1 4761 -4977
1 5012 -5100
1 5035 -5104
1 2659 -3140
1 2887 -3408
1 3405 -3935
1 3878 -4348
1 4741 -4966
