1 2220 -2259
1 5944 -5821
1 3730 -4234
1 2637 -3043
1 4991 -5270
1 2362 -2635
1 3184 -3684
1 4251 -4697
1 5591 -5671
1 2241 -2369
1 2481 -2834
1 2853 -3310
1 3426 -3936
1 3982 -4463
1 4608 -4985
1 5321 -5500
1 5756 -5756
1 2226 -2306
1 2292 -2492
1 2389 -2681
1 2516 -2883
1 2743 -3178
1 3006 -3486
1 3321 -3828
1 3609 -4118
1 3821 -4318
1 4094 -4562
1 4454 -4862
1 4880 -5188
1 5190 -5411
1 5493 -5613
1 5643 -5701
1 5880 -5805
1 2222 -2276
1 2238 -2360
1 2264 -2428
1 2328 -2568
1 2467 -2811
1 2492 -2850
1 2593 -2985
1 2654 -3065
1 2948 -3420
1 3083 -3572
1 3258 -3762
1 3380 -3889
1 3547 -4057
1 3638 -4146
1 3752 -4255
1 3885 -4376
1 4044 -4518
1 4191 -4646
1 4290 -4729
1 4551 -4940
1 4656 -5021
1 4946 -5237
1 5068 -5325
1 5256 -5456
1 5443 -5581
1 5514 -5626
1 5690 -5725
1 5843 -5792
1 5919 -5817
1 2230 -2326
1 2257 -2411
1 2277 -2458
1 2310 -2531
1 2348 -2608
1 2562 -2944
1 2698 -3121
1 2780 -3223
1 2820 -3271
1 2902 -3367
1 2969 -3444
1 3048 -3533
1 3138 -3633
1 3202 -3703
1 3299 -3805
1 3349 -3857
1 3788 -4288
1 3864 -4357
1 3964 -4447
1 4078 -4548
1 4139 -4601
1 4232 -4681
1 4370 -4794
1 4546 -4936
1 4786 -5118
1 4919 -5217
1 5150 -5383
1 5375 -5536
1 5457 -5590
1 5531 -5636
1 5742 -5750
1 5828 -5786
1 5927 -5819
1 2252 -2398
1 2739 -3173
1 2766 -3206
1 2865 -3324
1 2991 -3469
1 3895 -4385
1 4407 -4824
1 4723 -5071
1 4837 -5156
1 5092 -5342
1 5719 -5739
1 5787 -5769
1 5935 -5820
1 5133 -5371
