1 1155 -2233
1 3116 -3783
1 1816 -3349
1 1295 -2797
1 2297 -3621
1 1186 -2538
1 1446 -3004
1 2078 -3524
1 2712 -3731
1 1160 -2366
1 1229 -2661
1 1366 -2906
1 1589 -3151
1 1927 -3433
1 2143 -3559
1 2487 -3678
1 2973 -3774
1 1156 -2283
1 1174 -2472
1 1214 -2624
1 1267 -2744
1 1329 -2850
1 1392 -2941
1 1531 -3093
1 1732 -3278
1 1874 -3393
1 2002 -3479
1 2128 -3551
1 2212 -3588
1 2421 -3659
1 2581 -3702
1 2898 -3764
1 3016 -3779
1 1158 -2328
1 1165 -2407
1 1197 -2574
1 1219 -2637
1 1252 -2713
1 1281 -2771
1 1361 -2899
1 1380 -2925
1 1437 -2994
1 1501 -3062
1 1690 -3241
1 1782 -3321
1 1946 -3445
1 2178 -3574
1 2342 -3635
1 2445 -3666
1 2557 -3696
1 2646 -3717
1 2774 -3743
1 3049 -3781
1 1481 -3041
1 1626 -3184
1 2365 -3642
1 2702 -3729
1 2827 -3752
1 3077 -3782
