1 1419 -1427
1 3750 -3737
1 2417 -2762
1 1722 -1989
1 3163 -3411
1 1520 -1689
1 2055 -2383
1 2790 -3104
1 3554 -3663
1 1454 -1546
1 1619 -1847
1 1839 -2136
1 2253 -2597
1 2616 -2951
1 3025 -3303
1 3348 -3539
1 3673 -3725
1 1436 -1497
1 1494 -1640
1 1574 -1779
1 1658 -1903
1 1780 -2064
1 1940 -2253
1 2162 -2500
1 2280 -2625
1 2546 -2886
1 2719 -3042
1 2889 -3189
1 3063 -3334
1 3236 -3463
1 3465 -3611
1 3637 -3708
1 3702 -3734
1 1425 -1458
1 1439 -1507
1 1470 -1584
1 1503 -1657
1 1613 -1838
1 1678 -1930
1 1750 -2026
1 1800 -2089
1 1900 -2207
1 1996 -2317
1 2113 -2447
1 2221 -2563
1 2524 -2865
1 2635 -2968
1 2735 -3056
1 2828 -3137
1 2934 -3227
1 3121 -3379
1 3189 -3430
1 3277 -3491
1 3416 -3581
1 3514 -3640
1 3609 -3693
1 3698 -3733
1 3713 -3735
1 1421 -1440
1 1429 -1473
1 1524 -1696
1 1548 -1736
1 1728 -1997
1 1757 -2035
1 1823 -2117
1 1875 -2178
1 2020 -2344
1 2092 -2424
1 2176 -2515
1 2446 -2790
1 2626 -2960
1 2669 -2998
1 2835 -3143
1 2902 -3200
1 2989 -3273
1 3151 -3402
1 3252 -3474
1 3308 -3512
1 3369 -3552
1 3485 -3623
1 3545 -3658
1 3731 -3736
1 3526 -3647
