1 1040 -1138
1 2460 -2383
1 1564 -1776
1 1127 -1313
1 2047 -2156
1 1063 -1224
1 1400 -1617
1 1730 -1916
1 2318 -2324
1 1057 -1203
1 1088 -1264
1 1242 -1446
1 1475 -1695
1 1651 -1851
1 1902 -2049
1 2178 -2242
1 2363 -2346
1 1044 -1154
1 1192 -1389
1 1301 -1511
1 1462 -1682
1 1512 -1729
1 1604 -1811
1 1692 -1885
1 1813 -1981
1 1963 -2095
1 2115 -2202
1 2266 -2295
1 2395 -2359
1 1053 -1188
1 1154 -1345
1 1234 -1437
1 1352 -1566
1 1795 -1967
1 1864 -2020
1 2000 -2122
1 2141 -2219
1 2249 -2285
1 2446 -2378
1 2211 -2262
1 2419 -2368
