1 1230 -2124
1 2985 -3792
1 1731 -3248
1 1330 -2666
1 2216 -3595
1 1262 -2451
1 1508 -2971
1 2007 -3474
1 2519 -3705
1 1240 -2287
1 1283 -2554
1 1414 -2821
1 1635 -3142
1 1858 -3360
1 2109 -3540
1 2424 -3678
1 2725 -3752
1 1234 -2204
1 1252 -2390
1 1273 -2507
1 1301 -2599
1 1375 -2753
1 1471 -2917
1 1543 -3020
1 1682 -3195
1 1773 -3286
1 1901 -3394
1 2047 -3502
1 2181 -3579
1 2363 -3655
1 2457 -3689
1 2598 -3725
1 2806 -3767
1 1231 -2149
1 1248 -2357
1 1260 -2439
1 1340 -2686
1 1389 -2778
1 1445 -2874
1 1593 -3087
1 1656 -3166
1 1756 -3271
1 1823 -3330
1 1887 -3383
1 1942 -3425
1 2134 -3554
1 2185 -3581
1 2303 -3631
1 2652 -3737
1 2904 -3782
1 1572 -3059
1 1664 -3175
1 2242 -3606
1 2871 -3777
