1 1277 -2424
1 2748 -4026
1 1768 -3498
1 1362 -2858
1 2409 -3956
1 1292 -2616
1 1538 -3200
1 2024 -3718
1 2591 -4010
1 1281 -2525
1 1337 -2799
1 1449 -3035
1 1664 -3378
1 1934 -3648
1 2190 -3828
1 2502 -3987
1 2651 -4018
1 1279 -2482
1 1285 -2564
1 1319 -2733
1 1341 -2811
1 1393 -2923
1 1515 -3160
1 1588 -3274
1 1720 -3445
1 1791 -3521
1 1984 -3689
1 2066 -3747
1 2255 -3868
1 2455 -3973
1 2553 -4001
1 2720 -4025
1 1278 -2455
1 1308 -2688
1 1375 -2886
1 1464 -3064
1 1623 -3323
1 1683 -3401
1 1737 -3464
1 1839 -3564
1 1964 -3673
1 2051 -3737
1 2133 -3791
1 2352 -3924
1 2434 -3966
1 1490 -3113
1 1678 -3395
1 1910 -3627
1 2279 -3882
