1 1978 -3802
1 5267 -6994
1 3160 -6116
1 2307 -5028
1 4088 -6746
1 2043 -4324
1 2706 -5621
1 3660 -6518
1 4661 -6932
1 2003 -4098
1 2215 -4817
1 2511 -5360
1 2905 -5854
1 3405 -6326
1 3881 -6649
1 4456 -6880
1 4942 -6970
1 1990 -3978
1 2016 -4196
1 2134 -4593
1 2246 -4896
1 2392 -5174
1 2565 -5436
1 2792 -5724
1 3021 -5977
1 3277 -6220
1 3489 -6392
1 3750 -6576
1 3948 -6684
1 4262 -6812
1 4562 -6909
1 4736 -6946
1 5190 -6991
1 1984 -3901
1 1996 -4039
1 2009 -4146
1 2033 -4281
1 2079 -4434
1 2154 -4650
1 2228 -4851
1 2285 -4983
1 2344 -5093
1 2461 -5284
1 2649 -5547
1 2760 -5686
1 2841 -5781
1 2969 -5923
1 3189 -6142
1 3335 -6269
1 3460 -6370
1 3632 -6498
1 3684 -6534
1 3812 -6611
1 3919 -6669
1 4038 -6725
1 4175 -6780
1 4411 -6865
1 4521 -6898
1 4595 -6917
1 4725 -6944
1 4869 -6962
1 5091 -6983
1 5236 -6993
1 1979 -3825
1 1986 -3928
1 1995 -4029
1 2063 -4386
1 2108 -4518
1 2202 -4782
1 2269 -4948
1 2371 -5139
1 2418 -5216
1 2485 -5321
1 2614 -5501
1 2685 -5594
1 2725 -5644
1 2876 -5821
1 2939 -5891
1 3079 -6036
1 3094 -6051
1 3260 -6205
1 3373 -6300
1 3575 -6456
1 3709 -6550
1 3839 -6626
1 3983 -6700
1 4103 -6752
1 4213 -6794
1 4315 -6831
1 4809 -6955
1 4999 -6975
1 5152 -6988
1 2261 -4930
1 2430 -5235
1 2571 -5444
1 3517 -6413
1 4346 -6842
1 4768 -6950
