Complete graph 
 30 nodes
 435 arcs
 1 2 51 10
 1 3 28 40
 1 4 2 11
 1 5 3 3
 1 6 27 88
 1 7 48 33
 1 8 26 20
 1 9 25 63
 1 10 15 13
 1 11 34 24
 1 12 20 6
 1 13 9 9
 1 14 49 12
 1 15 10 21
 1 16 2 0
 1 17 24 26
 1 18 2 15
 1 19 72 39
 1 20 17 40
 1 21 75 50
 1 22 66 11
 1 23 73 46
 1 24 11 49
 1 25 9 15
 1 26 13 4
 1 27 2 8
 1 28 32 86
 1 29 12 17
 1 30 70 57
 2 3 7 3
 2 4 16 9
 2 5 40 9
 2 6 8 37
 2 7 5 32
 2 8 31 25
 2 9 26 76
 2 10 9 4
 2 11 77 25
 2 12 7 71
 2 13 0 0
 2 14 2 9
 2 15 2 0
 2 16 34 57
 2 17 3 29
 2 18 40 19
 2 19 24 54
 2 20 93 8
 2 21 87 28
 2 22 8 90
 2 23 21 18
 2 24 88 11
 2 25 14 53
 2 26 14 22
 2 27 26 13
 2 28 18 28
 2 29 20 17
 2 30 34 21
 3 4 0 2
 3 5 61 12
 3 6 34 55
 3 7 26 48
 3 8 28 5
 3 9 25 58
 3 10 86 47
 3 11 3 0
 3 12 20 30
 3 13 71 50
 3 14 12 70
 3 15 0 1
 3 16 71 22
 3 17 63 16
 3 18 5 3
 3 19 21 5
 3 20 38 47
 3 21 6 32
 3 22 56 73
 3 23 15 17
 3 24 63 63
 3 25 19 45
 3 26 84 23
 3 27 3 13
 3 28 43 71
 3 29 9 51
 3 30 22 7
 4 5 33 72
 4 6 11 21
 4 7 5 23
 4 8 31 17
 4 9 43 30
 4 10 28 5
 4 11 26 6
 4 12 27 37
 4 13 31 21
 4 14 69 10
 4 15 74 63
 4 16 1 0
 4 17 1 0
 4 18 5 24
 4 19 89 41
 4 20 48 28
 4 21 9 9
 4 22 49 6
 4 23 52 14
 4 24 65 9
 4 25 74 47
 4 26 22 2
 4 27 84 24
 4 28 41 23
 4 29 41 12
 4 30 9 9
 5 6 11 39
 5 7 24 38
 5 8 14 72
 5 9 20 12
 5 10 59 73
 5 11 1 12
 5 12 49 22
 5 13 89 16
 5 14 55 33
 5 15 15 7
 5 16 11 88
 5 17 6 3
 5 18 9 3
 5 19 14 2
 5 20 66 62
 5 21 39 6
 5 22 11 90
 5 23 2 11
 5 24 18 89
 5 25 39 38
 5 26 50 12
 5 27 66 28
 5 28 7 69
 5 29 28 50
 5 30 69 20
 6 7 21 8
 6 8 38 4
 6 9 69 46
 6 10 71 52
 6 11 31 73
 6 12 6 71
 6 13 36 18
 6 14 37 33
 6 15 56 69
 6 16 92 24
 6 17 86 25
 6 18 85 35
 6 19 0 0
 6 20 76 52
 6 21 39 9
 6 22 35 80
 6 23 7 88
 6 24 29 44
 6 25 19 5
 6 26 69 46
 6 27 38 83
 6 28 9 62
 6 29 1 11
 6 30 50 84
 7 8 26 68
 7 9 62 5
 7 10 36 6
 7 11 89 12
 7 12 64 12
 7 13 0 0
 7 14 41 87
 7 15 27 46
 7 16 46 29
 7 17 2 7
 7 18 3 30
 7 19 5 1
 7 20 34 52
 7 21 60 18
 7 22 2 9
 7 23 4 3
 7 24 21 22
 7 25 48 78
 7 26 7 24
 7 27 23 72
 7 28 27 23
 7 29 21 50
 7 30 14 16
 8 9 31 3
 8 10 6 22
 8 11 40 19
 8 12 61 34
 8 13 64 31
 8 14 9 12
 8 15 0 0
 8 16 14 9
 8 17 8 73
 8 18 0 0
 8 19 60 55
 8 20 8 15
 8 21 30 77
 8 22 36 44
 8 23 25 14
 8 24 40 58
 8 25 41 14
 8 26 11 47
 8 27 34 52
 8 28 19 13
 8 29 44 20
 8 30 39 66
 9 10 43 58
 9 11 42 13
 9 12 32 66
 9 13 25 23
 9 14 27 20
 9 15 4 36
 9 16 30 63
 9 17 43 71
 9 18 30 28
 9 19 18 81
 9 20 22 31
 9 21 25 2
 9 22 4 1
 9 23 9 46
 9 24 8 24
 9 25 39 88
 9 26 6 5
 9 27 72 33
 9 28 15 9
 9 29 52 27
 9 30 25 42
 10 11 11 16
 10 12 6 32
 10 13 67 39
 10 14 8 12
 10 15 28 68
 10 16 27 36
 10 17 11 28
 10 18 1 1
 10 19 13 67
 10 20 5 25
 10 21 17 57
 10 22 80 48
 10 23 12 31
 10 24 70 19
 10 25 31 49
 10 26 85 30
 10 27 53 8
 10 28 80 25
 10 29 62 27
 10 30 22 33
 11 12 3 11
 11 13 6 46
 11 14 21 3
 11 15 56 42
 11 16 31 88
 11 17 41 20
 11 18 36 75
 11 19 56 21
 11 20 44 24
 11 21 43 26
 11 22 42 65
 11 23 30 25
 11 24 48 73
 11 25 20 21
 11 26 69 45
 11 27 3 4
 11 28 35 21
 11 29 25 72
 11 30 15 46
 12 13 84 23
 12 14 65 37
 12 15 33 8
 12 16 6 0
 12 17 56 8
 12 18 14 54
 12 19 7 53
 12 20 64 52
 12 21 3 5
 12 22 7 5
 12 23 52 72
 12 24 60 19
 12 25 52 47
 12 26 33 4
 12 27 18 86
 12 28 10 7
 12 29 15 63
 12 30 75 30
 13 14 90 18
 13 15 6 38
 13 16 45 57
 13 17 12 8
 13 18 4 6
 13 19 7 8
 13 20 46 48
 13 21 8 53
 13 22 37 12
 13 23 53 11
 13 24 21 80
 13 25 12 64
 13 26 24 9
 13 27 0 1
 13 28 11 9
 13 29 14 77
 13 30 27 19
 14 15 7 21
 14 16 6 32
 14 17 43 69
 14 18 2 12
 14 19 18 91
 14 20 16 5
 14 21 4 43
 14 22 73 24
 14 23 9 8
 14 24 33 31
 14 25 1 3
 14 26 4 10
 14 27 29 38
 14 28 30 34
 14 29 8 4
 14 30 12 32
 15 16 28 70
 15 17 2 1
 15 18 13 13
 15 19 24 33
 15 20 30 47
 15 21 29 39
 15 22 31 21
 15 23 67 17
 15 24 28 6
 15 25 74 33
 15 26 27 89
 15 27 84 20
 15 28 62 41
 15 29 52 47
 15 30 5 8
 16 17 15 12
 16 18 36 90
 16 19 22 46
 16 20 94 15
 16 21 12 17
 16 22 37 29
 16 23 82 41
 16 24 19 41
 16 25 21 5
 16 26 6 47
 16 27 44 22
 16 28 41 30
 16 29 31 10
 16 30 47 81
 17 18 14 19
 17 19 29 18
 17 20 11 20
 17 21 25 4
 17 22 11 62
 17 23 63 65
 17 24 5 26
 17 25 14 76
 17 26 10 11
 17 27 35 14
 17 28 53 10
 17 29 35 65
 17 30 68 46
 18 19 18 66
 18 20 50 13
 18 21 53 31
 18 22 72 60
 18 23 73 33
 18 24 27 52
 18 25 21 92
 18 26 40 17
 18 27 5 50
 18 28 63 19
 18 29 20 3
 18 30 73 21
 19 20 68 15
 19 21 11 36
 19 22 5 4
 19 23 29 82
 19 24 52 36
 19 25 6 16
 19 26 7 5
 19 27 62 37
 19 28 23 11
 19 29 47 36
 19 30 4 5
 20 21 36 73
 20 22 17 61
 20 23 30 48
 20 24 6 63
 20 25 3 8
 20 26 39 89
 20 27 79 8
 20 28 16 41
 20 29 51 5
 20 30 3 17
 21 22 86 39
 21 23 47 55
 21 24 8 58
 21 25 1 3
 21 26 92 34
 21 27 19 38
 21 28 14 83
 21 29 30 36
 21 30 20 63
 22 23 32 77
 22 24 13 68
 22 25 2 7
 22 26 6 9
 22 27 22 7
 22 28 6 51
 22 29 89 19
 22 30 0 2
 23 24 57 17
 23 25 20 76
 23 26 45 10
 23 27 30 87
 23 28 40 35
 23 29 70 8
 23 30 49 83
 24 25 6 14
 24 26 17 9
 24 27 19 93
 24 28 6 26
 24 29 5 20
 24 30 38 12
 25 26 34 31
 25 27 22 11
 25 28 0 0
 25 29 92 20
 25 30 20 29
 26 27 4 12
 26 28 73 45
 26 29 16 70
 26 30 76 46
 27 28 12 35
 27 29 12 7
 27 30 37 91
 28 29 65 13
 28 30 10 22
 29 30 43 71
