Complete graph 
 30 nodes
 435 arcs
 1 2 53 69
 1 3 6 7
 1 4 3 4
 1 5 67 55
 1 6 62 56
 1 7 23 20
 1 8 33 38
 1 9 14 11
 1 10 34 31
 1 11 6 4
 1 12 16 22
 1 13 1 1
 1 14 70 66
 1 15 8 11
 1 16 52 66
 1 17 37 34
 1 18 8 11
 1 19 50 68
 1 20 72 67
 1 21 2 2
 1 22 42 44
 1 23 42 36
 1 24 56 57
 1 25 55 52
 1 26 8 12
 1 27 55 64
 1 28 34 25
 1 29 43 47
 1 30 42 38
 2 3 49 58
 2 4 36 46
 2 5 36 48
 2 6 37 40
 2 7 42 53
 2 8 52 58
 2 9 31 24
 2 10 8 8
 2 11 40 35
 2 12 7 7
 2 13 22 25
 2 14 10 14
 2 15 9 8
 2 16 64 76
 2 17 23 24
 2 18 76 63
 2 19 51 41
 2 20 7 8
 2 21 47 64
 2 22 19 14
 2 23 60 58
 2 24 35 30
 2 25 51 58
 2 26 61 44
 2 27 26 31
 2 28 55 41
 2 29 55 58
 2 30 17 18
 3 4 50 36
 3 5 47 60
 3 6 17 12
 3 7 51 57
 3 8 61 73
 3 9 74 59
 3 10 29 28
 3 11 29 31
 3 12 33 27
 3 13 26 33
 3 14 28 27
 3 15 42 41
 3 16 48 48
 3 17 61 45
 3 18 58 45
 3 19 31 41
 3 20 54 50
 3 21 51 45
 3 22 54 44
 3 23 47 37
 3 24 54 58
 3 25 44 44
 3 26 66 61
 3 27 48 44
 3 28 33 28
 3 29 12 18
 3 30 47 46
 4 5 71 57
 4 6 64 62
 4 7 44 44
 4 8 50 50
 4 9 34 31
 4 10 30 29
 4 11 53 64
 4 12 29 29
 4 13 22 21
 4 14 35 38
 4 15 27 38
 4 16 56 74
 4 17 56 52
 4 18 32 29
 4 19 56 58
 4 20 33 23
 4 21 3 2
 4 22 23 25
 4 23 31 28
 4 24 66 58
 4 25 70 51
 4 26 62 53
 4 27 68 67
 4 28 29 27
 4 29 65 66
 4 30 0 0
 5 6 34 34
 5 7 10 8
 5 8 10 10
 5 9 7 5
 5 10 57 42
 5 11 54 69
 5 12 27 23
 5 13 43 51
 5 14 3 4
 5 15 31 40
 5 16 18 22
 5 17 38 34
 5 18 50 40
 5 19 45 44
 5 20 8 6
 5 21 5 6
 5 22 39 38
 5 23 57 79
 5 24 34 48
 5 25 29 39
 5 26 15 11
 5 27 6 5
 5 28 33 39
 5 29 27 35
 5 30 65 65
 6 7 26 19
 6 8 43 54
 6 9 6 7
 6 10 48 37
 6 11 28 29
 6 12 20 19
 6 13 1 0
 6 14 63 56
 6 15 29 36
 6 16 44 31
 6 17 60 53
 6 18 59 60
 6 19 64 62
 6 20 43 57
 6 21 51 55
 6 22 36 37
 6 23 45 50
 6 24 59 48
 6 25 30 30
 6 26 41 46
 6 27 61 60
 6 28 9 8
 6 29 80 57
 6 30 37 30
 7 8 57 54
 7 9 42 58
 7 10 14 15
 7 11 34 31
 7 12 42 42
 7 13 13 10
 7 14 22 26
 7 15 4 4
 7 16 38 29
 7 17 25 34
 7 18 23 30
 7 19 34 43
 7 20 24 24
 7 21 64 61
 7 22 19 18
 7 23 20 21
 7 24 17 12
 7 25 16 14
 7 26 11 14
 7 27 1 1
 7 28 54 52
 7 29 72 53
 7 30 10 12
 8 9 68 50
 8 10 51 39
 8 11 15 15
 8 12 49 66
 8 13 25 23
 8 14 29 35
 8 15 37 30
 8 16 52 65
 8 17 39 56
 8 18 21 28
 8 19 22 23
 8 20 40 33
 8 21 55 67
 8 22 53 38
 8 23 57 72
 8 24 37 32
 8 25 8 9
 8 26 43 51
 8 27 49 69
 8 28 37 29
 8 29 50 38
 8 30 2 4
 9 10 2 1
 9 11 31 30
 9 12 48 65
 9 13 56 71
 9 14 43 44
 9 15 60 43
 9 16 52 72
 9 17 40 38
 9 18 13 15
 9 19 13 10
 9 20 16 12
 9 21 5 5
 9 22 1 0
 9 23 58 76
 9 24 4 4
 9 25 32 35
 9 26 3 4
 9 27 38 31
 9 28 12 17
 9 29 45 52
 9 30 36 51
 10 11 38 30
 10 12 37 41
 10 13 62 60
 10 14 51 66
 10 15 16 20
 10 16 69 67
 10 17 27 20
 10 18 38 43
 10 19 6 6
 10 20 21 27
 10 21 47 43
 10 22 40 52
 10 23 13 17
 10 24 6 9
 10 25 46 55
 10 26 44 33
 10 27 37 38
 10 28 72 61
 10 29 43 60
 10 30 34 47
 11 12 18 25
 11 13 9 11
 11 14 44 36
 11 15 21 26
 11 16 24 27
 11 17 26 22
 11 18 29 28
 11 19 65 47
 11 20 75 64
 11 21 0 0
 11 22 45 50
 11 23 38 33
 11 24 3 2
 11 25 20 25
 11 26 62 47
 11 27 47 34
 11 28 7 9
 11 29 23 17
 11 30 1 1
 12 13 57 72
 12 14 25 29
 12 15 43 51
 12 16 30 36
 12 17 48 62
 12 18 17 22
 12 19 33 44
 12 20 47 39
 12 21 52 53
 12 22 70 55
 12 23 56 57
 12 24 4 3
 12 25 72 51
 12 26 62 75
 12 27 36 29
 12 28 50 49
 12 29 19 23
 12 30 4 3
 13 14 16 17
 13 15 39 44
 13 16 29 35
 13 17 27 31
 13 18 21 17
 13 19 42 31
 13 20 21 16
 13 21 3 4
 13 22 25 31
 13 23 51 55
 13 24 22 16
 13 25 2 2
 13 26 67 63
 13 27 4 5
 13 28 47 39
 13 29 1 0
 13 30 47 55
 14 15 59 43
 14 16 30 31
 14 17 70 50
 14 18 66 53
 14 19 65 64
 14 20 48 57
 14 21 72 65
 14 22 21 30
 14 23 43 56
 14 24 51 59
 14 25 23 18
 14 26 60 75
 14 27 31 25
 14 28 40 50
 14 29 4 3
 14 30 27 26
 15 16 4 3
 15 17 3 4
 15 18 42 35
 15 19 43 41
 15 20 69 58
 15 21 18 17
 15 22 37 35
 15 23 61 60
 15 24 52 51
 15 25 22 17
 15 26 26 21
 15 27 29 38
 15 28 27 30
 15 29 59 64
 15 30 25 18
 16 17 26 36
 16 18 4 3
 16 19 13 11
 16 20 44 38
 16 21 28 20
 16 22 29 21
 16 23 24 29
 16 24 59 62
 16 25 37 30
 16 26 7 9
 16 27 45 37
 16 28 14 20
 16 29 67 69
 16 30 22 18
 17 18 54 73
 17 19 21 28
 17 20 56 68
 17 21 41 36
 17 22 13 18
 17 23 13 9
 17 24 13 10
 17 25 37 47
 17 26 31 36
 17 27 46 40
 17 28 54 39
 17 29 26 34
 17 30 58 61
 18 19 4 4
 18 20 2 3
 18 21 12 8
 18 22 9 10
 18 23 8 8
 18 24 46 65
 18 25 27 19
 18 26 33 28
 18 27 28 34
 18 28 23 17
 18 29 53 38
 18 30 6 8
 19 20 25 32
 19 21 60 65
 19 22 43 39
 19 23 39 31
 19 24 48 46
 19 25 65 51
 19 26 31 40
 19 27 13 13
 19 28 22 16
 19 29 18 25
 19 30 51 42
 20 21 49 70
 20 22 33 39
 20 23 40 28
 20 24 66 59
 20 25 17 14
 20 26 45 38
 20 27 44 40
 20 28 6 4
 20 29 24 19
 20 30 32 25
 21 22 55 52
 21 23 57 80
 21 24 28 20
 21 25 23 21
 21 26 48 48
 21 27 1 1
 21 28 6 4
 21 29 43 43
 21 30 56 65
 22 23 5 5
 22 24 8 11
 22 25 8 6
 22 26 21 28
 22 27 10 8
 22 28 73 65
 22 29 0 0
 22 30 51 44
 23 24 67 55
 23 25 59 57
 23 26 16 12
 23 27 59 44
 23 28 22 24
 23 29 1 1
 23 30 18 21
 24 25 11 15
 24 26 48 39
 24 27 72 61
 24 28 28 37
 24 29 74 59
 24 30 9 9
 25 26 51 57
 25 27 4 5
 25 28 62 66
 25 29 20 16
 25 30 57 64
 26 27 27 37
 26 28 74 58
 26 29 47 57
 26 30 8 5
 27 28 57 68
 27 29 4 3
 27 30 53 40
 28 29 46 64
 28 30 63 64
 29 30 22 24
