Complete graph 
 30 nodes
 435 arcs
 1 2 29 42
 1 3 54 41
 1 4 21 16
 1 5 22 18
 1 6 43 32
 1 7 71 50
 1 8 1 1
 1 9 44 53
 1 10 20 21
 1 11 41 42
 1 12 37 42
 1 13 45 45
 1 14 35 29
 1 15 31 39
 1 16 35 47
 1 17 52 67
 1 18 25 21
 1 19 47 59
 1 20 26 22
 1 21 30 24
 1 22 4 4
 1 23 34 36
 1 24 26 31
 1 25 13 10
 1 26 18 24
 1 27 58 76
 1 28 68 57
 1 29 46 44
 1 30 60 48
 2 3 2 2
 2 4 35 48
 2 5 22 18
 2 6 4 4
 2 7 15 13
 2 8 23 22
 2 9 3 3
 2 10 45 37
 2 11 2 1
 2 12 17 21
 2 13 62 60
 2 14 31 43
 2 15 23 29
 2 16 62 64
 2 17 4 2
 2 18 32 29
 2 19 49 37
 2 20 26 25
 2 21 32 30
 2 22 13 10
 2 23 47 49
 2 24 41 40
 2 25 9 8
 2 26 3 3
 2 27 33 40
 2 28 48 38
 2 29 12 11
 2 30 21 25
 3 4 57 75
 3 5 0 0
 3 6 6 4
 3 7 6 6
 3 8 4 4
 3 9 32 27
 3 10 43 31
 3 11 6 6
 3 12 39 35
 3 13 41 57
 3 14 45 63
 3 15 2 2
 3 16 15 17
 3 17 74 66
 3 18 20 24
 3 19 52 36
 3 20 54 38
 3 21 31 24
 3 22 7 8
 3 23 62 47
 3 24 40 42
 3 25 46 44
 3 26 21 30
 3 27 7 7
 3 28 68 51
 3 29 45 55
 3 30 68 64
 4 5 6 7
 4 6 56 41
 4 7 74 53
 4 8 53 50
 4 9 10 8
 4 10 39 45
 4 11 5 6
 4 12 19 23
 4 13 4 3
 4 14 41 38
 4 15 8 10
 4 16 35 29
 4 17 6 7
 4 18 31 36
 4 19 39 30
 4 20 32 24
 4 21 15 11
 4 22 10 7
 4 23 53 69
 4 24 9 12
 4 25 10 13
 4 26 15 21
 4 27 28 34
 4 28 53 68
 4 29 21 21
 4 30 18 23
 5 6 60 69
 5 7 28 33
 5 8 48 42
 5 9 34 32
 5 10 20 24
 5 11 27 24
 5 12 28 40
 5 13 40 37
 5 14 52 73
 5 15 39 29
 5 16 38 33
 5 17 23 29
 5 18 20 24
 5 19 47 38
 5 20 10 7
 5 21 46 59
 5 22 18 23
 5 23 50 41
 5 24 12 9
 5 25 7 6
 5 26 55 41
 5 27 48 49
 5 28 30 42
 5 29 59 71
 5 30 30 25
 6 7 12 15
 6 8 15 19
 6 9 26 20
 6 10 20 18
 6 11 44 49
 6 12 48 35
 6 13 73 56
 6 14 61 47
 6 15 24 25
 6 16 6 7
 6 17 66 57
 6 18 9 10
 6 19 27 30
 6 20 28 30
 6 21 54 71
 6 22 1 1
 6 23 63 52
 6 24 22 19
 6 25 16 20
 6 26 39 31
 6 27 59 55
 6 28 10 9
 6 29 49 40
 6 30 56 66
 7 8 68 60
 7 9 49 56
 7 10 0 0
 7 11 59 75
 7 12 29 41
 7 13 60 44
 7 14 47 38
 7 15 4 3
 7 16 46 43
 7 17 40 30
 7 18 16 13
 7 19 40 30
 7 20 53 70
 7 21 9 10
 7 22 72 65
 7 23 53 72
 7 24 33 24
 7 25 9 8
 7 26 30 34
 7 27 6 5
 7 28 48 44
 7 29 19 25
 7 30 1 1
 8 9 58 53
 8 10 23 16
 8 11 40 39
 8 12 57 71
 8 13 62 58
 8 14 52 46
 8 15 54 74
 8 16 14 14
 8 17 41 57
 8 18 78 57
 8 19 25 18
 8 20 8 11
 8 21 9 9
 8 22 20 16
 8 23 45 56
 8 24 26 20
 8 25 30 25
 8 26 29 21
 8 27 43 57
 8 28 50 68
 8 29 26 23
 8 30 11 16
 9 10 53 64
 9 11 5 5
 9 12 25 30
 9 13 55 52
 9 14 54 70
 9 15 29 36
 9 16 62 63
 9 17 69 70
 9 18 19 24
 9 19 52 39
 9 20 55 39
 9 21 58 75
 9 22 23 16
 9 23 34 37
 9 24 18 21
 9 25 21 15
 9 26 22 27
 9 27 24 17
 9 28 21 15
 9 29 2 2
 9 30 44 39
 10 11 64 71
 10 12 63 47
 10 13 3 2
 10 14 19 25
 10 15 25 33
 10 16 68 67
 10 17 34 43
 10 18 33 41
 10 19 44 31
 10 20 1 2
 10 21 63 62
 10 22 54 53
 10 23 20 26
 10 24 57 41
 10 25 40 46
 10 26 8 8
 10 27 51 61
 10 28 27 38
 10 29 22 18
 10 30 46 34
 11 12 35 44
 11 13 49 59
 11 14 14 19
 11 15 16 12
 11 16 70 57
 11 17 39 54
 11 18 23 31
 11 19 0 0
 11 20 54 54
 11 21 39 39
 11 22 26 29
 11 23 46 61
 11 24 1 1
 11 25 4 5
 11 26 23 24
 11 27 23 24
 11 28 27 37
 11 29 44 56
 11 30 68 57
 12 13 67 65
 12 14 53 37
 12 15 12 10
 12 16 51 44
 12 17 9 8
 12 18 53 39
 12 19 26 28
 12 20 64 63
 12 21 20 17
 12 22 44 38
 12 23 17 14
 12 24 46 42
 12 25 37 31
 12 26 59 44
 12 27 30 36
 12 28 33 44
 12 29 7 8
 12 30 47 36
 13 14 56 54
 13 15 19 24
 13 16 51 44
 13 17 40 37
 13 18 37 26
 13 19 20 24
 13 20 31 41
 13 21 21 25
 13 22 72 57
 13 23 53 49
 13 24 20 15
 13 25 25 33
 13 26 51 53
 13 27 50 36
 13 28 39 35
 13 29 34 27
 13 30 50 42
 14 15 29 33
 14 16 28 22
 14 17 49 37
 14 18 36 33
 14 19 19 17
 14 20 35 25
 14 21 15 15
 14 22 35 38
 14 23 10 9
 14 24 35 39
 14 25 71 65
 14 26 56 68
 14 27 69 59
 14 28 1 1
 14 29 18 13
 14 30 5 5
 15 16 27 35
 15 17 5 4
 15 18 36 41
 15 19 23 30
 15 20 36 31
 15 21 27 31
 15 22 23 31
 15 23 39 49
 15 24 8 11
 15 25 25 21
 15 26 23 19
 15 27 57 50
 15 28 70 64
 15 29 32 36
 15 30 49 48
 16 17 5 4
 16 18 1 1
 16 19 43 33
 16 20 45 48
 16 21 11 12
 16 22 7 6
 16 23 49 41
 16 24 11 15
 16 25 17 14
 16 26 29 22
 16 27 26 19
 16 28 60 74
 16 29 35 42
 16 30 73 65
 17 18 9 9
 17 19 10 9
 17 20 24 19
 17 21 63 50
 17 22 47 57
 17 23 2 1
 17 24 56 62
 17 25 60 42
 17 26 55 66
 17 27 34 25
 17 28 44 43
 17 29 54 54
 17 30 56 48
 18 19 41 53
 18 20 40 30
 18 21 30 29
 18 22 52 60
 18 23 58 71
 18 24 46 49
 18 25 39 55
 18 26 26 27
 18 27 15 20
 18 28 0 0
 18 29 0 0
 18 30 41 54
 19 20 5 5
 19 21 57 70
 19 22 33 47
 19 23 41 42
 19 24 36 41
 19 25 6 5
 19 26 47 58
 19 27 61 45
 19 28 4 4
 19 29 60 57
 19 30 52 67
 20 21 39 42
 20 22 57 79
 20 23 37 28
 20 24 15 15
 20 25 20 28
 20 26 27 21
 20 27 62 46
 20 28 10 14
 20 29 17 21
 20 30 40 32
 21 22 18 16
 21 23 51 45
 21 24 33 38
 21 25 53 74
 21 26 51 55
 21 27 34 27
 21 28 23 21
 21 29 54 63
 21 30 16 12
 22 23 56 58
 22 24 75 57
 22 25 41 33
 22 26 52 74
 22 27 0 0
 22 28 3 3
 22 29 37 36
 22 30 33 27
 23 24 14 17
 23 25 28 33
 23 26 57 57
 23 27 42 48
 23 28 58 48
 23 29 30 24
 23 30 61 52
 24 25 8 11
 24 26 59 46
 24 27 10 12
 24 28 4 4
 24 29 72 51
 24 30 27 21
 25 26 15 17
 25 27 23 16
 25 28 40 49
 25 29 21 17
 25 30 77 57
 26 27 53 67
 26 28 74 58
 26 29 21 19
 26 30 43 35
 27 28 42 43
 27 29 56 72
 27 30 63 69
 28 29 6 6
 28 30 40 40
 29 30 55 70
