Complete graph 
 38 nodes
 703 arcs
 1 2 14 44
 1 3 9 56
 1 4 1 1
 1 5 81 33
 1 6 2 2
 1 7 7 13
 1 8 15 68
 1 9 10 56
 1 10 34 30
 1 11 41 38
 1 12 18 5
 1 13 5 10
 1 14 50 79
 1 15 10 12
 1 16 2 4
 1 17 35 55
 1 18 48 48
 1 19 49 9
 1 20 42 54
 1 21 18 29
 1 22 40 39
 1 23 8 83
 1 24 6 3
 1 25 28 83
 1 26 12 37
 1 27 6 16
 1 28 6 51
 1 29 78 38
 1 30 25 95
 1 31 9 16
 1 32 58 61
 1 33 41 23
 1 34 33 4
 1 35 77 35
 1 36 4 36
 1 37 8 17
 1 38 44 20
 2 3 30 24
 2 4 12 43
 2 5 21 46
 2 6 56 49
 2 7 35 33
 2 8 23 68
 2 9 4 3
 2 10 37 47
 2 11 6 3
 2 12 28 79
 2 13 9 10
 2 14 16 41
 2 15 16 2
 2 16 65 53
 2 17 4 6
 2 18 73 29
 2 19 33 46
 2 20 18 4
 2 21 56 22
 2 22 31 61
 2 23 58 28
 2 24 15 14
 2 25 10 22
 2 26 23 39
 2 27 23 19
 2 28 1 0
 2 29 68 8
 2 30 58 15
 2 31 53 40
 2 32 68 15
 2 33 68 50
 2 34 72 40
 2 35 14 23
 2 36 36 64
 2 37 41 80
 2 38 15 73
 3 4 40 27
 3 5 20 30
 3 6 1 4
 3 7 37 20
 3 8 53 40
 3 9 7 8
 3 10 47 13
 3 11 15 84
 3 12 35 81
 3 13 26 27
 3 14 11 26
 3 15 5 32
 3 16 40 21
 3 17 89 27
 3 18 92 34
 3 19 58 55
 3 20 20 55
 3 21 62 64
 3 22 10 54
 3 23 12 39
 3 24 48 19
 3 25 37 3
 3 26 42 9
 3 27 33 15
 3 28 79 33
 3 29 35 68
 3 30 60 16
 3 31 2 1
 3 32 16 7
 3 33 15 3
 3 34 6 13
 3 35 8 33
 3 36 2 4
 3 37 15 44
 3 38 7 10
 4 5 45 56
 4 6 9 7
 4 7 28 60
 4 8 6 34
 4 9 53 77
 4 10 53 33
 4 11 58 60
 4 12 13 5
 4 13 15 9
 4 14 15 35
 4 15 19 51
 4 16 0 1
 4 17 5 7
 4 18 48 4
 4 19 18 24
 4 20 88 34
 4 21 14 1
 4 22 4 24
 4 23 35 42
 4 24 55 46
 4 25 25 10
 4 26 38 62
 4 27 2 0
 4 28 54 28
 4 29 21 5
 4 30 55 58
 4 31 54 6
 4 32 82 30
 4 33 2 6
 4 34 15 9
 4 35 27 43
 4 36 6 11
 4 37 44 51
 4 38 8 11
 5 6 27 2
 5 7 50 30
 5 8 3 17
 5 9 16 6
 5 10 56 40
 5 11 41 60
 5 12 10 17
 5 13 13 7
 5 14 50 7
 5 15 42 42
 5 16 28 36
 5 17 39 71
 5 18 10 3
 5 19 12 49
 5 20 49 61
 5 21 28 17
 5 22 1 2
 5 23 15 45
 5 24 47 26
 5 25 2 3
 5 26 0 0
 5 27 68 43
 5 28 9 80
 5 29 23 78
 5 30 77 16
 5 31 7 1
 5 32 29 16
 5 33 67 68
 5 34 60 58
 5 35 5 59
 5 36 52 17
 5 37 46 84
 5 38 14 20
 6 7 8 42
 6 8 6 1
 6 9 10 18
 6 10 50 55
 6 11 82 44
 6 12 82 14
 6 13 37 50
 6 14 57 61
 6 15 1 12
 6 16 21 37
 6 17 58 53
 6 18 22 77
 6 19 51 70
 6 20 23 34
 6 21 55 20
 6 22 74 53
 6 23 68 37
 6 24 15 13
 6 25 6 4
 6 26 18 57
 6 27 12 40
 6 28 13 42
 6 29 15 21
 6 30 16 50
 6 31 37 54
 6 32 30 14
 6 33 0 0
 6 34 18 96
 6 35 65 42
 6 36 6 4
 6 37 67 71
 6 38 62 11
 7 8 30 10
 7 9 77 58
 7 10 25 37
 7 11 8 77
 7 12 46 35
 7 13 16 14
 7 14 2 22
 7 15 26 65
 7 16 32 72
 7 17 77 20
 7 18 6 6
 7 19 15 19
 7 20 37 82
 7 21 63 50
 7 22 24 22
 7 23 20 69
 7 24 28 2
 7 25 67 45
 7 26 28 4
 7 27 45 32
 7 28 23 58
 7 29 8 9
 7 30 1 9
 7 31 22 53
 7 32 58 17
 7 33 70 67
 7 34 7 16
 7 35 16 58
 7 36 14 7
 7 37 2 2
 7 38 28 74
 8 9 31 42
 8 10 5 1
 8 11 57 76
 8 12 15 3
 8 13 19 19
 8 14 61 23
 8 15 57 61
 8 16 12 42
 8 17 2 4
 8 18 1 13
 8 19 7 37
 8 20 39 44
 8 21 16 41
 8 22 21 13
 8 23 0 0
 8 24 76 24
 8 25 24 66
 8 26 40 48
 8 27 6 10
 8 28 50 14
 8 29 25 17
 8 30 35 18
 8 31 44 55
 8 32 13 12
 8 33 39 59
 8 34 10 40
 8 35 36 35
 8 36 50 81
 8 37 37 69
 8 38 13 53
 9 10 40 43
 9 11 36 56
 9 12 10 91
 9 13 77 44
 9 14 31 30
 9 15 8 79
 9 16 10 3
 9 17 21 18
 9 18 3 7
 9 19 18 68
 9 20 25 38
 9 21 49 64
 9 22 13 25
 9 23 20 2
 9 24 18 27
 9 25 57 5
 9 26 6 15
 9 27 28 8
 9 28 74 23
 9 29 12 25
 9 30 6 47
 9 31 53 37
 9 32 12 25
 9 33 53 50
 9 34 7 2
 9 35 23 32
 9 36 83 44
 9 37 41 52
 9 38 20 94
 10 11 43 67
 10 12 11 1
 10 13 52 19
 10 14 8 28
 10 15 13 6
 10 16 1 4
 10 17 19 87
 10 18 22 21
 10 19 12 17
 10 20 37 60
 10 21 26 6
 10 22 0 0
 10 23 42 18
 10 24 10 6
 10 25 23 88
 10 26 8 3
 10 27 28 53
 10 28 1 0
 10 29 20 30
 10 30 57 27
 10 31 5 36
 10 32 20 82
 10 33 40 33
 10 34 71 25
 10 35 4 29
 10 36 22 12
 10 37 31 46
 10 38 29 19
 11 12 39 55
 11 13 17 51
 11 14 68 27
 11 15 87 36
 11 16 8 13
 11 17 34 46
 11 18 18 34
 11 19 17 73
 11 20 44 48
 11 21 5 55
 11 22 4 19
 11 23 72 45
 11 24 27 45
 11 25 30 24
 11 26 81 16
 11 27 95 12
 11 28 48 52
 11 29 14 21
 11 30 8 13
 11 31 22 5
 11 32 38 12
 11 33 11 19
 11 34 1 0
 11 35 0 0
 11 36 24 64
 11 37 39 27
 11 38 59 15
 12 13 46 77
 12 14 71 9
 12 15 13 24
 12 16 10 20
 12 17 67 14
 12 18 54 48
 12 19 16 10
 12 20 52 6
 12 21 15 22
 12 22 0 3
 12 23 12 5
 12 24 32 26
 12 25 31 34
 12 26 76 8
 12 27 38 22
 12 28 23 26
 12 29 0 0
 12 30 16 10
 12 31 0 4
 12 32 47 62
 12 33 31 50
 12 34 17 55
 12 35 77 46
 12 36 20 43
 12 37 13 10
 12 38 93 19
 13 14 86 43
 13 15 81 22
 13 16 8 7
 13 17 18 73
 13 18 34 82
 13 19 47 85
 13 20 13 25
 13 21 36 18
 13 22 7 3
 13 23 1 11
 13 24 23 64
 13 25 4 3
 13 26 5 23
 13 27 28 73
 13 28 12 9
 13 29 11 60
 13 30 2 16
 13 31 5 28
 13 32 0 2
 13 33 11 58
 13 34 40 13
 13 35 66 49
 13 36 14 78
 13 37 21 47
 13 38 69 68
 14 15 36 85
 14 16 20 59
 14 17 78 25
 14 18 54 36
 14 19 9 1
 14 20 27 83
 14 21 50 41
 14 22 12 49
 14 23 6 14
 14 24 45 47
 14 25 63 15
 14 26 23 21
 14 27 14 28
 14 28 15 63
 14 29 12 18
 14 30 2 0
 14 31 11 51
 14 32 13 42
 14 33 71 65
 14 34 15 74
 14 35 51 10
 14 36 7 13
 14 37 3 3
 14 38 1 15
 15 16 15 39
 15 17 0 0
 15 18 36 4
 15 19 5 11
 15 20 21 54
 15 21 2 3
 15 22 32 6
 15 23 23 66
 15 24 67 63
 15 25 13 24
 15 26 55 41
 15 27 20 74
 15 28 47 16
 15 29 14 97
 15 30 16 10
 15 31 0 1
 15 32 19 36
 15 33 2 4
 15 34 36 11
 15 35 22 72
 15 36 40 44
 15 37 10 19
 15 38 30 73
 16 17 9 31
 16 18 4 46
 16 19 79 31
 16 20 22 7
 16 21 75 60
 16 22 21 75
 16 23 71 37
 16 24 56 43
 16 25 87 27
 16 26 13 2
 16 27 6 76
 16 28 13 4
 16 29 58 51
 16 30 25 58
 16 31 17 65
 16 32 33 37
 16 33 8 90
 16 34 7 20
 16 35 20 14
 16 36 31 48
 16 37 33 18
 16 38 28 40
 17 18 65 34
 17 19 8 37
 17 20 82 44
 17 21 86 39
 17 22 17 3
 17 23 27 51
 17 24 31 5
 17 25 79 16
 17 26 78 15
 17 27 26 49
 17 28 16 14
 17 29 6 14
 17 30 82 45
 17 31 38 76
 17 32 29 26
 17 33 1 0
 17 34 5 3
 17 35 26 92
 17 36 10 3
 17 37 55 13
 17 38 34 93
 18 19 54 64
 18 20 13 95
 18 21 41 8
 18 22 81 18
 18 23 72 7
 18 24 2 1
 18 25 21 4
 18 26 3 22
 18 27 49 28
 18 28 16 17
 18 29 31 26
 18 30 70 56
 18 31 22 20
 18 32 69 28
 18 33 92 16
 18 34 40 74
 18 35 24 23
 18 36 9 8
 18 37 2 24
 18 38 0 0
 19 20 44 25
 19 21 23 53
 19 22 10 50
 19 23 66 55
 19 24 4 2
 19 25 42 44
 19 26 68 56
 19 27 21 8
 19 28 41 73
 19 29 6 13
 19 30 12 6
 19 31 27 20
 19 32 8 24
 19 33 0 1
 19 34 8 6
 19 35 21 46
 19 36 29 13
 19 37 73 40
 19 38 14 27
 20 21 14 78
 20 22 32 37
 20 23 4 0
 20 24 7 13
 20 25 61 59
 20 26 6 4
 20 27 5 4
 20 28 15 5
 20 29 69 27
 20 30 63 68
 20 31 33 44
 20 32 42 7
 20 33 12 3
 20 34 18 8
 20 35 10 52
 20 36 1 1
 20 37 40 8
 20 38 45 34
 21 22 5 6
 21 23 13 28
 21 24 5 9
 21 25 19 20
 21 26 31 17
 21 27 65 6
 21 28 4 1
 21 29 24 64
 21 30 76 40
 21 31 8 24
 21 32 41 63
 21 33 12 68
 21 34 30 37
 21 35 27 39
 21 36 39 29
 21 37 4 1
 21 38 4 1
 22 23 52 82
 22 24 32 36
 22 25 70 64
 22 26 11 15
 22 27 5 13
 22 28 37 88
 22 29 10 13
 22 30 13 44
 22 31 53 75
 22 32 35 49
 22 33 40 59
 22 34 84 45
 22 35 8 14
 22 36 54 6
 22 37 28 24
 22 38 51 73
 23 24 38 17
 23 25 1 3
 23 26 26 92
 23 27 8 46
 23 28 72 7
 23 29 54 37
 23 30 43 51
 23 31 33 36
 23 32 14 21
 23 33 38 58
 23 34 32 32
 23 35 0 3
 23 36 7 29
 23 37 30 71
 23 38 12 1
 24 25 6 55
 24 26 81 28
 24 27 7 44
 24 28 16 17
 24 29 31 49
 24 30 41 70
 24 31 2 19
 24 32 40 70
 24 33 30 38
 24 34 43 61
 24 35 8 35
 24 36 76 37
 24 37 56 53
 24 38 61 19
 25 26 34 5
 25 27 50 29
 25 28 8 71
 25 29 18 26
 25 30 34 16
 25 31 16 5
 25 32 36 48
 25 33 47 28
 25 34 1 9
 25 35 20 31
 25 36 44 12
 25 37 2 4
 25 38 82 47
 26 27 20 3
 26 28 70 43
 26 29 94 25
 26 30 30 16
 26 31 70 14
 26 32 29 56
 26 33 51 26
 26 34 0 0
 26 35 62 68
 26 36 54 53
 26 37 47 39
 26 38 78 22
 27 28 94 10
 27 29 9 84
 27 30 2 18
 27 31 33 11
 27 32 23 69
 27 33 25 45
 27 34 5 32
 27 35 57 7
 27 36 9 2
 27 37 21 30
 27 38 60 43
 28 29 70 34
 28 30 28 35
 28 31 15 41
 28 32 15 5
 28 33 67 12
 28 34 6 20
 28 35 14 8
 28 36 49 43
 28 37 45 46
 28 38 32 40
 29 30 17 17
 29 31 35 43
 29 32 84 46
 29 33 3 24
 29 34 9 30
 29 35 63 62
 29 36 23 13
 29 37 54 41
 29 38 36 9
 30 31 69 67
 30 32 12 37
 30 33 10 3
 30 34 32 64
 30 35 29 28
 30 36 4 0
 30 37 48 36
 30 38 39 20
 31 32 40 44
 31 33 30 15
 31 34 55 35
 31 35 30 41
 31 36 1 3
 31 37 54 58
 31 38 29 24
 32 33 54 40
 32 34 12 34
 32 35 11 59
 32 36 3 3
 32 37 54 34
 32 38 29 76
 33 34 45 9
 33 35 0 3
 33 36 16 19
 33 37 5 33
 33 38 6 41
 34 35 8 25
 34 36 42 6
 34 37 41 21
 34 38 8 9
 35 36 59 59
 35 37 31 34
 35 38 30 3
 36 37 72 31
 36 38 6 31
 37 38 2 8
