Complete graph 
 26 nodes
 325 arcs
 1 2 61 10
 1 3 13 19
 1 4 14 53
 1 5 16 2
 1 6 23 7
 1 7 32 71
 1 8 48 13
 1 9 23 36
 1 10 21 49
 1 11 19 65
 1 12 1 2
 1 13 32 28
 1 14 52 59
 1 15 37 85
 1 16 20 83
 1 17 15 62
 1 18 44 45
 1 19 10 94
 1 20 6 4
 1 21 68 55
 1 22 37 68
 1 23 67 28
 1 24 19 56
 1 25 16 9
 1 26 66 62
 2 3 51 5
 2 4 15 37
 2 5 1 5
 2 6 22 37
 2 7 36 75
 2 8 33 74
 2 9 55 10
 2 10 35 54
 2 11 17 55
 2 12 36 24
 2 13 73 19
 2 14 42 83
 2 15 47 75
 2 16 4 0
 2 17 82 32
 2 18 51 23
 2 19 27 29
 2 20 10 6
 2 21 46 28
 2 22 0 5
 2 23 5 0
 2 24 6 11
 2 25 90 21
 2 26 17 74
 3 4 59 42
 3 5 62 12
 3 6 35 42
 3 7 7 23
 3 8 35 4
 3 9 78 51
 3 10 46 72
 3 11 50 39
 3 12 10 36
 3 13 27 34
 3 14 4 2
 3 15 27 71
 3 16 6 24
 3 17 3 9
 3 18 24 48
 3 19 67 39
 3 20 18 74
 3 21 16 41
 3 22 20 25
 3 23 20 56
 3 24 49 37
 3 25 9 10
 3 26 30 85
 4 5 51 55
 4 6 19 7
 4 7 14 67
 4 8 73 34
 4 9 78 16
 4 10 35 38
 4 11 13 94
 4 12 8 9
 4 13 10 42
 4 14 6 2
 4 15 12 11
 4 16 50 73
 4 17 12 5
 4 18 31 37
 4 19 3 9
 4 20 22 13
 4 21 18 7
 4 22 30 18
 4 23 28 49
 4 24 5 7
 4 25 56 74
 4 26 57 9
 5 6 41 11
 5 7 17 27
 5 8 25 42
 5 9 27 63
 5 10 8 25
 5 11 67 55
 5 12 44 50
 5 13 6 9
 5 14 2 2
 5 15 42 12
 5 16 12 29
 5 17 38 47
 5 18 17 10
 5 19 42 15
 5 20 29 70
 5 21 23 51
 5 22 7 25
 5 23 37 3
 5 24 13 13
 5 25 2 6
 5 26 2 2
 6 7 76 18
 6 8 34 5
 6 9 40 75
 6 10 18 6
 6 11 22 32
 6 12 31 84
 6 13 48 46
 6 14 12 61
 6 15 30 49
 6 16 4 12
 6 17 17 51
 6 18 15 8
 6 19 52 73
 6 20 36 51
 6 21 67 68
 6 22 32 45
 6 23 62 56
 6 24 50 10
 6 25 54 81
 6 26 46 62
 7 8 63 59
 7 9 35 5
 7 10 10 45
 7 11 82 37
 7 12 46 60
 7 13 56 21
 7 14 39 15
 7 15 32 50
 7 16 39 64
 7 17 21 5
 7 18 6 69
 7 19 0 0
 7 20 73 8
 7 21 27 95
 7 22 21 60
 7 23 3 5
 7 24 33 61
 7 25 66 19
 7 26 53 40
 8 9 47 50
 8 10 50 38
 8 11 96 12
 8 12 10 81
 8 13 23 7
 8 14 10 6
 8 15 11 64
 8 16 6 26
 8 17 1 5
 8 18 27 20
 8 19 2 2
 8 20 41 79
 8 21 71 14
 8 22 19 11
 8 23 36 4
 8 24 15 55
 8 25 5 59
 8 26 11 4
 9 10 21 41
 9 11 12 21
 9 12 72 55
 9 13 51 8
 9 14 28 9
 9 15 22 58
 9 16 85 33
 9 17 4 4
 9 18 6 30
 9 19 69 58
 9 20 16 71
 9 21 23 74
 9 22 6 55
 9 23 28 19
 9 24 11 45
 9 25 27 77
 9 26 8 25
 10 11 79 22
 10 12 60 20
 10 13 30 28
 10 14 39 13
 10 15 1 16
 10 16 53 49
 10 17 2 7
 10 18 8 3
 10 19 59 45
 10 20 67 28
 10 21 70 28
 10 22 26 19
 10 23 12 7
 10 24 12 14
 10 25 13 50
 10 26 28 55
 11 12 23 33
 11 13 47 81
 11 14 45 81
 11 15 2 19
 11 16 49 56
 11 17 51 72
 11 18 29 36
 11 19 35 41
 11 20 6 33
 11 21 16 5
 11 22 88 23
 11 23 1 3
 11 24 6 34
 11 25 37 38
 11 26 73 47
 12 13 32 16
 12 14 32 49
 12 15 15 78
 12 16 15 25
 12 17 6 3
 12 18 49 48
 12 19 16 32
 12 20 72 46
 12 21 9 9
 12 22 23 11
 12 23 4 8
 12 24 11 51
 12 25 3 18
 12 26 6 18
 13 14 23 7
 13 15 22 51
 13 16 60 36
 13 17 20 78
 13 18 35 23
 13 19 35 53
 13 20 0 0
 13 21 10 34
 13 22 14 67
 13 23 82 27
 13 24 32 7
 13 25 35 22
 13 26 86 8
 14 15 71 17
 14 16 56 11
 14 17 33 39
 14 18 11 27
 14 19 79 31
 14 20 86 23
 14 21 65 8
 14 22 19 29
 14 23 13 7
 14 24 1 1
 14 25 14 74
 14 26 86 45
 15 16 34 83
 15 17 22 18
 15 18 34 43
 15 19 41 84
 15 20 76 7
 15 21 85 21
 15 22 24 33
 15 23 20 48
 15 24 0 0
 15 25 65 32
 15 26 94 29
 16 17 43 5
 16 18 40 28
 16 19 33 26
 16 20 76 9
 16 21 39 26
 16 22 81 25
 16 23 25 50
 16 24 73 55
 16 25 0 5
 16 26 48 7
 17 18 40 86
 17 19 57 7
 17 20 10 9
 17 21 36 4
 17 22 35 16
 17 23 61 24
 17 24 5 1
 17 25 8 31
 17 26 42 61
 18 19 21 6
 18 20 36 48
 18 21 8 11
 18 22 3 29
 18 23 26 10
 18 24 12 50
 18 25 13 7
 18 26 3 1
 19 20 10 14
 19 21 39 40
 19 22 7 6
 19 23 31 70
 19 24 54 43
 19 25 14 57
 19 26 67 48
 20 21 74 21
 20 22 40 52
 20 23 50 19
 20 24 0 1
 20 25 4 8
 20 26 3 24
 21 22 52 7
 21 23 0 0
 21 24 25 4
 21 25 16 26
 21 26 1 1
 22 23 11 15
 22 24 52 43
 22 25 35 83
 22 26 20 1
 23 24 7 37
 23 25 24 30
 23 26 11 8
 24 25 91 30
 24 26 9 15
 25 26 87 29
