Complete graph 
 26 nodes
 325 arcs
 1 2 32 33
 1 3 50 38
 1 4 11 15
 1 5 35 43
 1 6 68 62
 1 7 34 24
 1 8 18 14
 1 9 74 57
 1 10 30 39
 1 11 41 30
 1 12 29 41
 1 13 24 29
 1 14 9 10
 1 15 36 26
 1 16 55 71
 1 17 9 8
 1 18 34 42
 1 19 12 11
 1 20 22 23
 1 21 13 11
 1 22 58 48
 1 23 3 3
 1 24 36 42
 1 25 56 58
 1 26 19 15
 2 3 25 27
 2 4 22 26
 2 5 38 34
 2 6 43 35
 2 7 6 7
 2 8 65 58
 2 9 6 8
 2 10 26 20
 2 11 7 9
 2 12 57 43
 2 13 25 26
 2 14 43 49
 2 15 27 37
 2 16 8 6
 2 17 57 45
 2 18 29 36
 2 19 19 15
 2 20 10 9
 2 21 36 49
 2 22 13 10
 2 23 34 40
 2 24 58 42
 2 25 21 27
 2 26 32 23
 3 4 25 31
 3 5 46 55
 3 6 80 58
 3 7 7 9
 3 8 2 3
 3 9 23 29
 3 10 24 22
 3 11 14 16
 3 12 30 23
 3 13 16 13
 3 14 35 42
 3 15 29 24
 3 16 42 34
 3 17 67 68
 3 18 52 59
 3 19 51 66
 3 20 70 53
 3 21 25 27
 3 22 17 19
 3 23 57 54
 3 24 23 21
 3 25 72 63
 3 26 68 47
 4 5 29 30
 4 6 6 4
 4 7 55 46
 4 8 30 32
 4 9 33 46
 4 10 55 61
 4 11 11 8
 4 12 62 44
 4 13 75 54
 4 14 24 24
 4 15 31 35
 4 16 31 27
 4 17 35 28
 4 18 72 52
 4 19 7 9
 4 20 45 53
 4 21 7 8
 4 22 1 1
 4 23 38 50
 4 24 26 34
 4 25 37 32
 4 26 54 53
 5 6 49 54
 5 7 44 53
 5 8 65 57
 5 9 61 57
 5 10 42 33
 5 11 50 56
 5 12 63 53
 5 13 1 1
 5 14 40 41
 5 15 9 12
 5 16 41 55
 5 17 23 24
 5 18 21 21
 5 19 53 53
 5 20 63 56
 5 21 20 17
 5 22 23 32
 5 23 38 53
 5 24 32 36
 5 25 41 57
 5 26 53 46
 6 7 53 58
 6 8 27 36
 6 9 5 4
 6 10 56 44
 6 11 10 7
 6 12 66 49
 6 13 22 26
 6 14 55 44
 6 15 33 32
 6 16 6 5
 6 17 25 20
 6 18 11 14
 6 19 53 46
 6 20 72 57
 6 21 14 15
 6 22 54 66
 6 23 16 23
 6 24 30 26
 6 25 3 3
 6 26 53 63
 7 8 53 71
 7 9 69 52
 7 10 33 41
 7 11 25 24
 7 12 55 73
 7 13 13 17
 7 14 21 29
 7 15 54 56
 7 16 11 11
 7 17 17 18
 7 18 70 58
 7 19 5 5
 7 20 53 57
 7 21 65 62
 7 22 35 31
 7 23 52 66
 7 24 3 2
 7 25 43 41
 7 26 53 75
 8 9 4 6
 8 10 1 1
 8 11 18 26
 8 12 16 23
 8 13 20 25
 8 14 57 58
 8 15 58 62
 8 16 29 23
 8 17 38 44
 8 18 1 1
 8 19 18 24
 8 20 2 2
 8 21 25 29
 8 22 4 3
 8 23 50 48
 8 24 42 55
 8 25 28 37
 8 26 29 31
 9 10 66 67
 9 11 62 53
 9 12 74 57
 9 13 5 5
 9 14 20 18
 9 15 28 24
 9 16 47 37
 9 17 70 55
 9 18 62 77
 9 19 47 37
 9 20 15 17
 9 21 21 28
 9 22 11 10
 9 23 3 4
 9 24 7 5
 9 25 44 56
 9 26 18 20
 10 11 7 5
 10 12 76 57
 10 13 44 40
 10 14 17 22
 10 15 22 24
 10 16 50 44
 10 17 6 6
 10 18 31 26
 10 19 58 69
 10 20 35 47
 10 21 46 48
 10 22 59 64
 10 23 24 18
 10 24 46 42
 10 25 9 9
 10 26 58 59
 11 12 42 44
 11 13 45 64
 11 14 8 10
 11 15 76 57
 11 16 70 57
 11 17 43 37
 11 18 69 65
 11 19 41 38
 11 20 63 76
 11 21 31 38
 11 22 32 30
 11 23 2 2
 11 24 27 22
 11 25 70 61
 11 26 11 12
 12 13 57 58
 12 14 51 52
 12 15 10 14
 12 16 35 43
 12 17 31 30
 12 18 6 9
 12 19 56 69
 12 20 33 27
 12 21 71 52
 12 22 29 21
 12 23 22 30
 12 24 35 47
 12 25 52 72
 12 26 10 14
 13 14 22 22
 13 15 15 20
 13 16 41 58
 13 17 3 2
 13 18 47 44
 13 19 14 11
 13 20 62 74
 13 21 3 2
 13 22 14 12
 13 23 32 40
 13 24 18 14
 13 25 1 1
 13 26 53 43
 14 15 15 20
 14 16 17 16
 14 17 51 61
 14 18 62 55
 14 19 4 3
 14 20 31 29
 14 21 33 43
 14 22 69 62
 14 23 50 46
 14 24 44 35
 14 25 20 18
 14 26 41 51
 15 16 38 29
 15 17 28 35
 15 18 73 52
 15 19 23 25
 15 20 58 64
 15 21 75 58
 15 22 46 63
 15 23 34 32
 15 24 54 58
 15 25 66 53
 15 26 62 63
 16 17 18 17
 16 18 31 44
 16 19 51 45
 16 20 40 31
 16 21 33 44
 16 22 26 24
 16 23 68 71
 16 24 27 36
 16 25 9 6
 16 26 4 4
 17 18 35 30
 17 19 7 6
 17 20 68 51
 17 21 3 3
 17 22 60 56
 17 23 30 34
 17 24 24 31
 17 25 60 47
 17 26 1 1
 18 19 16 13
 18 20 11 11
 18 21 59 79
 18 22 38 39
 18 23 53 41
 18 24 5 4
 18 25 19 17
 18 26 50 52
 19 20 42 34
 19 21 37 45
 19 22 54 41
 19 23 5 7
 19 24 52 64
 19 25 56 54
 19 26 2 1
 20 21 23 31
 20 22 41 46
 20 23 57 51
 20 24 44 46
 20 25 30 36
 20 26 55 57
 21 22 26 29
 21 23 44 38
 21 24 3 3
 21 25 77 61
 21 26 42 31
 22 23 68 52
 22 24 55 48
 22 25 25 19
 22 26 27 23
 23 24 15 21
 23 25 57 67
 23 26 43 49
 24 25 28 25
 24 26 14 19
 25 26 27 35
