Complete graph 
 30 nodes
 435 arcs
 1 2 70 58
 1 3 10 12
 1 4 43 37
 1 5 59 42
 1 6 27 21
 1 7 32 27
 1 8 5 5
 1 9 58 69
 1 10 11 11
 1 11 29 32
 1 12 45 64
 1 13 60 49
 1 14 28 23
 1 15 63 76
 1 16 7 7
 1 17 22 24
 1 18 17 18
 1 19 21 21
 1 20 43 33
 1 21 69 56
 1 22 4 4
 1 23 68 54
 1 24 25 28
 1 25 43 49
 1 26 6 7
 1 27 27 30
 1 28 0 0
 1 29 27 27
 1 30 29 29
 2 3 49 42
 2 4 48 36
 2 5 15 14
 2 6 6 4
 2 7 26 22
 2 8 33 23
 2 9 7 6
 2 10 13 10
 2 11 25 20
 2 12 55 39
 2 13 27 32
 2 14 56 60
 2 15 52 58
 2 16 11 9
 2 17 18 18
 2 18 55 75
 2 19 2 3
 2 20 5 4
 2 21 10 7
 2 22 59 72
 2 23 31 29
 2 24 4 5
 2 25 1 1
 2 26 53 38
 2 27 7 6
 2 28 50 72
 2 29 62 76
 2 30 3 3
 3 4 12 16
 3 5 53 73
 3 6 61 54
 3 7 46 50
 3 8 26 26
 3 9 14 19
 3 10 45 39
 3 11 23 20
 3 12 19 26
 3 13 48 41
 3 14 27 36
 3 15 6 6
 3 16 14 11
 3 17 59 79
 3 18 21 24
 3 19 25 23
 3 20 59 49
 3 21 5 6
 3 22 21 21
 3 23 12 8
 3 24 52 46
 3 25 24 31
 3 26 29 22
 3 27 68 54
 3 28 59 52
 3 29 20 15
 3 30 58 41
 4 5 11 16
 4 6 72 67
 4 7 41 49
 4 8 19 15
 4 9 65 59
 4 10 48 40
 4 11 6 7
 4 12 51 56
 4 13 35 47
 4 14 32 24
 4 15 16 19
 4 16 25 36
 4 17 26 30
 4 18 6 8
 4 19 50 55
 4 20 53 43
 4 21 32 23
 4 22 52 66
 4 23 53 37
 4 24 56 64
 4 25 74 55
 4 26 57 50
 4 27 11 14
 4 28 37 36
 4 29 46 53
 4 30 60 67
 5 6 45 41
 5 7 45 33
 5 8 70 51
 5 9 4 5
 5 10 16 18
 5 11 57 40
 5 12 62 71
 5 13 67 70
 5 14 59 51
 5 15 25 20
 5 16 3 3
 5 17 46 38
 5 18 69 70
 5 19 30 37
 5 20 43 45
 5 21 80 56
 5 22 38 30
 5 23 58 80
 5 24 9 6
 5 25 1 1
 5 26 55 72
 5 27 30 27
 5 28 64 53
 5 29 70 50
 5 30 61 49
 6 7 0 0
 6 8 30 37
 6 9 24 22
 6 10 59 61
 6 11 39 34
 6 12 58 78
 6 13 20 19
 6 14 56 79
 6 15 71 65
 6 16 16 12
 6 17 29 27
 6 18 38 30
 6 19 16 14
 6 20 14 19
 6 21 28 28
 6 22 26 34
 6 23 39 29
 6 24 4 3
 6 25 28 34
 6 26 57 73
 6 27 35 35
 6 28 46 53
 6 29 77 61
 6 30 44 58
 7 8 18 20
 7 9 8 6
 7 10 21 18
 7 11 28 24
 7 12 24 19
 7 13 22 25
 7 14 33 26
 7 15 52 66
 7 16 5 3
 7 17 14 20
 7 18 55 45
 7 19 2 2
 7 20 38 53
 7 21 59 55
 7 22 18 14
 7 23 59 79
 7 24 21 25
 7 25 14 17
 7 26 33 28
 7 27 50 41
 7 28 50 46
 7 29 66 58
 7 30 17 23
 8 9 38 47
 8 10 38 31
 8 11 59 52
 8 12 22 18
 8 13 11 8
 8 14 53 52
 8 15 44 34
 8 16 27 19
 8 17 48 68
 8 18 64 72
 8 19 73 64
 8 20 26 28
 8 21 69 60
 8 22 34 48
 8 23 50 70
 8 24 58 59
 8 25 55 41
 8 26 39 53
 8 27 4 3
 8 28 14 15
 8 29 59 60
 8 30 61 72
 9 10 49 46
 9 11 69 66
 9 12 55 54
 9 13 3 5
 9 14 41 49
 9 15 3 3
 9 16 7 5
 9 17 34 32
 9 18 45 32
 9 19 57 50
 9 20 27 20
 9 21 24 25
 9 22 1 1
 9 23 11 13
 9 24 8 9
 9 25 63 67
 9 26 19 14
 9 27 10 11
 9 28 58 43
 9 29 69 55
 9 30 49 37
 10 11 11 9
 10 12 44 43
 10 13 54 54
 10 14 27 25
 10 15 8 5
 10 16 35 30
 10 17 26 31
 10 18 34 31
 10 19 1 0
 10 20 61 59
 10 21 44 37
 10 22 20 23
 10 23 68 55
 10 24 9 9
 10 25 3 3
 10 26 52 45
 10 27 29 24
 10 28 29 41
 10 29 12 10
 10 30 76 56
 11 12 64 74
 11 13 43 40
 11 14 59 61
 11 15 56 52
 11 16 19 22
 11 17 44 42
 11 18 20 18
 11 19 18 17
 11 20 5 5
 11 21 60 61
 11 22 59 64
 11 23 69 68
 11 24 25 19
 11 25 44 43
 11 26 2 3
 11 27 13 18
 11 28 11 10
 11 29 13 18
 11 30 36 33
 12 13 29 31
 12 14 42 50
 12 15 24 27
 12 16 34 33
 12 17 28 30
 12 18 52 73
 12 19 16 15
 12 20 50 72
 12 21 70 56
 12 22 19 19
 12 23 17 12
 12 24 3 3
 12 25 12 9
 12 26 39 36
 12 27 40 46
 12 28 49 39
 12 29 67 59
 12 30 28 28
 13 14 9 7
 13 15 22 29
 13 16 39 47
 13 17 32 29
 13 18 19 17
 13 19 68 62
 13 20 68 70
 13 21 16 23
 13 22 53 47
 13 23 13 17
 13 24 75 54
 13 25 11 12
 13 26 1 1
 13 27 4 5
 13 28 45 33
 13 29 23 29
 13 30 2 3
 14 15 24 26
 14 16 65 49
 14 17 39 28
 14 18 41 55
 14 19 17 19
 14 20 58 46
 14 21 34 24
 14 22 18 19
 14 23 24 30
 14 24 37 38
 14 25 32 32
 14 26 27 20
 14 27 57 61
 14 28 61 65
 14 29 24 32
 14 30 23 32
 15 16 12 9
 15 17 69 58
 15 18 4 4
 15 19 18 23
 15 20 14 14
 15 21 12 14
 15 22 8 11
 15 23 32 41
 15 24 37 29
 15 25 37 30
 15 26 17 20
 15 27 10 10
 15 28 25 27
 15 29 47 48
 15 30 66 49
 16 17 20 24
 16 18 39 40
 16 19 66 70
 16 20 13 11
 16 21 51 49
 16 22 40 54
 16 23 23 30
 16 24 51 37
 16 25 13 9
 16 26 40 40
 16 27 47 46
 16 28 18 18
 16 29 43 38
 16 30 60 61
 17 18 14 13
 17 19 56 60
 17 20 24 26
 17 21 69 58
 17 22 53 62
 17 23 29 37
 17 24 27 32
 17 25 78 58
 17 26 40 39
 17 27 22 19
 17 28 17 12
 17 29 61 52
 17 30 23 25
 18 19 25 33
 18 20 28 28
 18 21 48 67
 18 22 46 60
 18 23 69 71
 18 24 14 18
 18 25 23 22
 18 26 11 10
 18 27 12 8
 18 28 12 9
 18 29 54 73
 18 30 26 20
 19 20 48 52
 19 21 50 59
 19 22 73 64
 19 23 47 44
 19 24 67 68
 19 25 47 37
 19 26 0 0
 19 27 48 37
 19 28 8 8
 19 29 73 54
 19 30 38 36
 20 21 52 42
 20 22 61 74
 20 23 43 33
 20 24 36 35
 20 25 57 64
 20 26 6 5
 20 27 28 24
 20 28 7 7
 20 29 15 12
 20 30 26 33
 21 22 24 33
 21 23 40 40
 21 24 59 63
 21 25 55 72
 21 26 22 24
 21 27 6 7
 21 28 56 50
 21 29 40 48
 21 30 50 49
 22 23 37 48
 22 24 22 19
 22 25 63 57
 22 26 53 74
 22 27 25 33
 22 28 47 50
 22 29 12 12
 22 30 13 11
 23 24 42 60
 23 25 29 36
 23 26 34 37
 23 27 74 56
 23 28 56 40
 23 29 27 35
 23 30 24 29
 24 25 46 36
 24 26 39 46
 24 27 27 30
 24 28 16 13
 24 29 14 13
 24 30 27 24
 25 26 60 78
 25 27 10 9
 25 28 9 6
 25 29 48 36
 25 30 44 45
 26 27 62 52
 26 28 43 48
 26 29 11 7
 26 30 60 63
 27 28 28 25
 27 29 61 62
 27 30 41 38
 28 29 25 32
 28 30 10 11
 29 30 44 37
