Complete graph 
 34 nodes
 561 arcs
 1 2 34 36
 1 3 55 65
 1 4 42 30
 1 5 13 17
 1 6 40 34
 1 7 25 31
 1 8 52 40
 1 9 33 39
 1 10 39 46
 1 11 29 34
 1 12 25 21
 1 13 33 42
 1 14 24 34
 1 15 44 50
 1 16 27 33
 1 17 53 51
 1 18 59 71
 1 19 67 70
 1 20 27 22
 1 21 35 29
 1 22 35 29
 1 23 54 66
 1 24 50 69
 1 25 70 52
 1 26 41 45
 1 27 29 41
 1 28 5 4
 1 29 68 67
 1 30 61 47
 1 31 45 40
 1 32 50 53
 1 33 61 72
 1 34 62 56
 2 3 49 62
 2 4 19 24
 2 5 8 10
 2 6 23 30
 2 7 5 6
 2 8 10 11
 2 9 69 51
 2 10 58 48
 2 11 52 52
 2 12 15 11
 2 13 46 66
 2 14 26 30
 2 15 69 58
 2 16 61 65
 2 17 24 25
 2 18 26 26
 2 19 33 27
 2 20 8 12
 2 21 38 51
 2 22 71 63
 2 23 52 70
 2 24 44 34
 2 25 25 22
 2 26 52 70
 2 27 62 67
 2 28 6 5
 2 29 18 16
 2 30 33 27
 2 31 53 50
 2 32 12 15
 2 33 26 34
 2 34 68 56
 3 4 42 59
 3 5 55 42
 3 6 11 11
 3 7 49 62
 3 8 63 53
 3 9 9 11
 3 10 56 70
 3 11 3 3
 3 12 49 64
 3 13 48 34
 3 14 7 6
 3 15 22 27
 3 16 30 42
 3 17 50 49
 3 18 47 34
 3 19 79 59
 3 20 30 41
 3 21 25 28
 3 22 46 65
 3 23 22 16
 3 24 6 6
 3 25 3 3
 3 26 58 47
 3 27 43 45
 3 28 39 52
 3 29 13 11
 3 30 63 48
 3 31 3 3
 3 32 73 62
 3 33 62 63
 3 34 10 13
 4 5 0 0
 4 6 67 61
 4 7 15 16
 4 8 37 31
 4 9 55 60
 4 10 12 10
 4 11 54 57
 4 12 43 34
 4 13 44 57
 4 14 0 0
 4 15 43 36
 4 16 39 34
 4 17 2 2
 4 18 0 0
 4 19 10 12
 4 20 60 47
 4 21 3 3
 4 22 55 73
 4 23 43 52
 4 24 61 58
 4 25 11 14
 4 26 37 48
 4 27 3 4
 4 28 53 55
 4 29 24 33
 4 30 1 1
 4 31 42 51
 4 32 52 47
 4 33 41 42
 4 34 31 27
 5 6 25 19
 5 7 1 1
 5 8 48 41
 5 9 11 14
 5 10 26 22
 5 11 62 44
 5 12 2 2
 5 13 11 11
 5 14 17 20
 5 15 63 73
 5 16 3 5
 5 17 31 31
 5 18 49 41
 5 19 24 32
 5 20 50 50
 5 21 66 72
 5 22 26 27
 5 23 31 22
 5 24 1 2
 5 25 70 63
 5 26 45 50
 5 27 56 72
 5 28 30 36
 5 29 4 4
 5 30 49 66
 5 31 25 22
 5 32 11 10
 5 33 15 18
 5 34 54 44
 6 7 59 79
 6 8 57 43
 6 9 9 7
 6 10 3 3
 6 11 52 70
 6 12 23 31
 6 13 57 48
 6 14 34 36
 6 15 44 46
 6 16 6 7
 6 17 66 69
 6 18 67 67
 6 19 14 14
 6 20 1 1
 6 21 38 31
 6 22 6 6
 6 23 63 56
 6 24 23 24
 6 25 23 22
 6 26 42 48
 6 27 55 69
 6 28 17 18
 6 29 2 3
 6 30 18 25
 6 31 20 26
 6 32 50 46
 6 33 38 34
 6 34 1 2
 7 8 1 1
 7 9 19 13
 7 10 57 81
 7 11 30 23
 7 12 37 52
 7 13 14 12
 7 14 30 21
 7 15 7 8
 7 16 43 37
 7 17 30 35
 7 18 45 46
 7 19 64 71
 7 20 17 17
 7 21 34 48
 7 22 1 0
 7 23 48 53
 7 24 3 3
 7 25 27 35
 7 26 41 38
 7 27 43 37
 7 28 1 1
 7 29 37 44
 7 30 36 43
 7 31 3 4
 7 32 29 36
 7 33 63 51
 7 34 40 32
 8 9 73 52
 8 10 39 37
 8 11 10 8
 8 12 40 29
 8 13 41 33
 8 14 8 9
 8 15 23 19
 8 16 14 14
 8 17 6 6
 8 18 23 20
 8 19 33 32
 8 20 60 77
 8 21 80 57
 8 22 53 37
 8 23 60 62
 8 24 68 51
 8 25 29 34
 8 26 30 23
 8 27 20 18
 8 28 37 44
 8 29 42 52
 8 30 20 23
 8 31 18 15
 8 32 58 50
 8 33 64 58
 8 34 32 45
 9 10 61 75
 9 11 78 56
 9 12 28 29
 9 13 20 23
 9 14 39 41
 9 15 44 59
 9 16 34 28
 9 17 33 30
 9 18 69 54
 9 19 28 25
 9 20 35 38
 9 21 20 22
 9 22 45 60
 9 23 56 53
 9 24 18 22
 9 25 60 52
 9 26 34 37
 9 27 21 25
 9 28 53 54
 9 29 41 35
 9 30 67 47
 9 31 33 26
 9 32 50 52
 9 33 67 61
 9 34 38 41
 10 11 35 28
 10 12 55 70
 10 13 6 5
 10 14 24 21
 10 15 54 52
 10 16 43 33
 10 17 24 20
 10 18 27 26
 10 19 47 46
 10 20 28 34
 10 21 55 74
 10 22 49 38
 10 23 42 54
 10 24 9 8
 10 25 8 7
 10 26 18 15
 10 27 13 11
 10 28 30 41
 10 29 54 43
 10 30 14 14
 10 31 10 15
 10 32 73 58
 10 33 64 75
 10 34 60 60
 11 12 50 49
 11 13 6 6
 11 14 28 38
 11 15 43 59
 11 16 35 43
 11 17 20 14
 11 18 55 77
 11 19 24 20
 11 20 42 49
 11 21 28 25
 11 22 33 24
 11 23 33 47
 11 24 32 44
 11 25 57 75
 11 26 21 20
 11 27 18 17
 11 28 43 50
 11 29 50 48
 11 30 20 23
 11 31 1 1
 11 32 18 15
 11 33 37 48
 11 34 37 30
 12 13 72 64
 12 14 4 5
 12 15 9 6
 12 16 27 26
 12 17 50 45
 12 18 13 16
 12 19 38 51
 12 20 62 48
 12 21 21 23
 12 22 25 28
 12 23 35 49
 12 24 70 53
 12 25 38 48
 12 26 30 43
 12 27 3 4
 12 28 4 3
 12 29 38 40
 12 30 34 37
 12 31 25 30
 12 32 52 58
 12 33 23 24
 12 34 70 58
 13 14 47 57
 13 15 45 62
 13 16 58 76
 13 17 20 28
 13 18 17 21
 13 19 3 2
 13 20 42 55
 13 21 55 45
 13 22 27 22
 13 23 21 23
 13 24 34 32
 13 25 71 51
 13 26 46 33
 13 27 5 7
 13 28 24 23
 13 29 12 10
 13 30 20 16
 13 31 46 57
 13 32 0 0
 13 33 58 43
 13 34 62 60
 14 15 33 31
 14 16 15 20
 14 17 8 8
 14 18 27 37
 14 19 61 62
 14 20 35 35
 14 21 24 21
 14 22 30 43
 14 23 49 45
 14 24 61 66
 14 25 46 64
 14 26 44 44
 14 27 65 46
 14 28 11 10
 14 29 58 57
 14 30 28 25
 14 31 15 16
 14 32 47 65
 14 33 47 64
 14 34 19 26
 15 16 34 47
 15 17 6 7
 15 18 18 24
 15 19 48 54
 15 20 6 8
 15 21 14 20
 15 22 62 76
 15 23 42 53
 15 24 40 45
 15 25 41 44
 15 26 27 37
 15 27 36 50
 15 28 41 45
 15 29 33 28
 15 30 11 8
 15 31 4 6
 15 32 26 24
 15 33 68 57
 15 34 73 59
 16 17 31 27
 16 18 30 36
 16 19 59 61
 16 20 54 68
 16 21 57 51
 16 22 17 18
 16 23 27 28
 16 24 75 61
 16 25 22 25
 16 26 33 26
 16 27 55 51
 16 28 60 68
 16 29 60 64
 16 30 20 27
 16 31 23 31
 16 32 51 44
 16 33 55 43
 16 34 10 7
 17 18 30 35
 17 19 18 15
 17 20 34 42
 17 21 25 22
 17 22 25 32
 17 23 26 37
 17 24 53 65
 17 25 34 25
 17 26 25 21
 17 27 2 3
 17 28 65 46
 17 29 45 54
 17 30 59 46
 17 31 63 45
 17 32 52 60
 17 33 4 4
 17 34 51 36
 18 19 40 40
 18 20 44 31
 18 21 10 8
 18 22 65 75
 18 23 20 27
 18 24 62 48
 18 25 35 45
 18 26 73 58
 18 27 43 39
 18 28 38 27
 18 29 55 69
 18 30 3 4
 18 31 19 26
 18 32 26 23
 18 33 48 43
 18 34 8 7
 19 20 19 14
 19 21 36 26
 19 22 33 29
 19 23 15 17
 19 24 32 29
 19 25 71 64
 19 26 16 12
 19 27 76 55
 19 28 25 18
 19 29 28 31
 19 30 57 53
 19 31 10 9
 19 32 5 5
 19 33 68 57
 19 34 67 52
 20 21 42 42
 20 22 25 21
 20 23 67 58
 20 24 16 16
 20 25 6 7
 20 26 49 50
 20 27 56 55
 20 28 26 36
 20 29 4 5
 20 30 15 16
 20 31 60 51
 20 32 59 78
 20 33 10 11
 20 34 34 47
 21 22 67 52
 21 23 7 5
 21 24 41 29
 21 25 14 15
 21 26 28 39
 21 27 3 2
 21 28 40 51
 21 29 63 56
 21 30 48 60
 21 31 4 4
 21 32 46 43
 21 33 28 23
 21 34 67 59
 22 23 45 48
 22 24 36 32
 22 25 36 42
 22 26 44 62
 22 27 14 13
 22 28 26 29
 22 29 21 21
 22 30 69 53
 22 31 56 79
 22 32 16 19
 22 33 72 50
 22 34 24 27
 23 24 8 7
 23 25 1 1
 23 26 25 20
 23 27 32 29
 23 28 68 58
 23 29 12 10
 23 30 0 0
 23 31 12 15
 23 32 10 13
 23 33 52 63
 23 34 56 40
 24 25 36 34
 24 26 7 5
 24 27 14 13
 24 28 65 70
 24 29 26 19
 24 30 12 10
 24 31 9 12
 24 32 72 65
 24 33 16 20
 24 34 32 24
 25 26 25 27
 25 27 36 30
 25 28 39 50
 25 29 47 63
 25 30 76 58
 25 31 10 10
 25 32 55 44
 25 33 52 73
 25 34 2 2
 26 27 19 23
 26 28 18 24
 26 29 39 28
 26 30 0 0
 26 31 44 46
 26 32 53 46
 26 33 26 29
 26 34 44 32
 27 28 43 48
 27 29 58 45
 27 30 60 72
 27 31 18 18
 27 32 51 69
 27 33 5 5
 27 34 39 44
 28 29 58 69
 28 30 34 34
 28 31 8 10
 28 32 9 7
 28 33 47 36
 28 34 26 28
 29 30 45 40
 29 31 4 5
 29 32 51 61
 29 33 23 19
 29 34 55 41
 30 31 59 44
 30 32 14 15
 30 33 3 4
 30 34 14 14
 31 32 65 66
 31 33 41 57
 31 34 26 19
 32 33 22 21
 32 34 0 0
 33 34 5 8
