Complete graph 
 34 nodes
 561 arcs
 1 2 73 63
 1 3 69 57
 1 4 69 68
 1 5 4 3
 1 6 25 22
 1 7 10 8
 1 8 11 9
 1 9 22 26
 1 10 60 74
 1 11 6 7
 1 12 37 47
 1 13 29 32
 1 14 1 1
 1 15 27 38
 1 16 44 38
 1 17 63 46
 1 18 52 61
 1 19 0 0
 1 20 38 48
 1 21 34 25
 1 22 0 0
 1 23 9 7
 1 24 18 13
 1 25 5 6
 1 26 37 27
 1 27 13 17
 1 28 71 57
 1 29 48 48
 1 30 1 2
 1 31 51 52
 1 32 15 21
 1 33 55 43
 1 34 23 16
 2 3 26 24
 2 4 18 25
 2 5 80 56
 2 6 19 18
 2 7 66 48
 2 8 13 17
 2 9 26 22
 2 10 6 6
 2 11 68 64
 2 12 60 59
 2 13 55 56
 2 14 52 54
 2 15 63 67
 2 16 75 53
 2 17 0 0
 2 18 34 36
 2 19 55 72
 2 20 11 14
 2 21 35 39
 2 22 52 67
 2 23 48 63
 2 24 37 42
 2 25 17 16
 2 26 63 47
 2 27 40 49
 2 28 16 16
 2 29 33 42
 2 30 69 66
 2 31 51 63
 2 32 14 13
 2 33 24 25
 2 34 39 27
 3 4 42 56
 3 5 36 45
 3 6 14 20
 3 7 65 57
 3 8 44 37
 3 9 50 57
 3 10 16 12
 3 11 6 6
 3 12 50 57
 3 13 50 45
 3 14 65 67
 3 15 49 45
 3 16 16 15
 3 17 56 59
 3 18 37 35
 3 19 24 28
 3 20 68 48
 3 21 51 40
 3 22 20 14
 3 23 40 48
 3 24 3 4
 3 25 34 28
 3 26 50 53
 3 27 61 50
 3 28 5 7
 3 29 70 70
 3 30 47 55
 3 31 25 21
 3 32 50 44
 3 33 48 57
 3 34 65 67
 4 5 62 57
 4 6 47 45
 4 7 40 57
 4 8 20 15
 4 9 59 72
 4 10 22 15
 4 11 2 3
 4 12 0 0
 4 13 63 60
 4 14 8 8
 4 15 46 40
 4 16 10 14
 4 17 13 11
 4 18 5 3
 4 19 43 36
 4 20 43 56
 4 21 0 0
 4 22 45 59
 4 23 52 72
 4 24 10 15
 4 25 12 16
 4 26 26 20
 4 27 57 80
 4 28 13 10
 4 29 24 22
 4 30 57 81
 4 31 50 37
 4 32 13 12
 4 33 0 0
 4 34 3 2
 5 6 47 63
 5 7 53 39
 5 8 57 40
 5 9 69 65
 5 10 7 6
 5 11 51 68
 5 12 65 62
 5 13 6 7
 5 14 17 12
 5 15 63 63
 5 16 70 58
 5 17 54 56
 5 18 35 49
 5 19 4 4
 5 20 47 46
 5 21 31 27
 5 22 41 38
 5 23 33 36
 5 24 26 33
 5 25 21 19
 5 26 9 6
 5 27 25 24
 5 28 38 31
 5 29 54 44
 5 30 28 28
 5 31 23 26
 5 32 34 24
 5 33 55 66
 5 34 65 46
 6 7 60 67
 6 8 53 47
 6 9 66 49
 6 10 12 12
 6 11 22 30
 6 12 9 8
 6 13 20 28
 6 14 23 23
 6 15 34 30
 6 16 61 52
 6 17 60 42
 6 18 12 14
 6 19 16 14
 6 20 29 36
 6 21 64 58
 6 22 62 61
 6 23 3 4
 6 24 1 1
 6 25 4 3
 6 26 19 23
 6 27 6 8
 6 28 30 28
 6 29 15 20
 6 30 55 62
 6 31 30 29
 6 32 36 36
 6 33 35 36
 6 34 34 43
 7 8 21 20
 7 9 6 5
 7 10 14 17
 7 11 29 32
 7 12 54 43
 7 13 61 54
 7 14 75 62
 7 15 28 38
 7 16 54 63
 7 17 41 42
 7 18 41 42
 7 19 68 59
 7 20 65 49
 7 21 32 27
 7 22 4 3
 7 23 8 10
 7 24 7 6
 7 25 15 14
 7 26 23 25
 7 27 32 43
 7 28 24 20
 7 29 21 28
 7 30 28 20
 7 31 29 27
 7 32 23 20
 7 33 59 52
 7 34 32 30
 8 9 63 57
 8 10 28 40
 8 11 57 64
 8 12 25 21
 8 13 6 5
 8 14 1 1
 8 15 26 23
 8 16 10 8
 8 17 30 22
 8 18 57 46
 8 19 9 9
 8 20 69 49
 8 21 3 3
 8 22 0 0
 8 23 25 32
 8 24 20 20
 8 25 21 17
 8 26 14 12
 8 27 50 48
 8 28 48 36
 8 29 20 18
 8 30 2 2
 8 31 41 38
 8 32 36 32
 8 33 54 57
 8 34 21 17
 9 10 32 29
 9 11 16 20
 9 12 60 51
 9 13 11 8
 9 14 49 45
 9 15 1 2
 9 16 31 34
 9 17 10 10
 9 18 37 46
 9 19 41 49
 9 20 55 50
 9 21 32 28
 9 22 42 38
 9 23 23 23
 9 24 19 21
 9 25 40 53
 9 26 32 22
 9 27 10 13
 9 28 10 9
 9 29 55 61
 9 30 8 10
 9 31 30 38
 9 32 16 15
 9 33 26 23
 9 34 59 72
 10 11 60 76
 10 12 37 45
 10 13 7 5
 10 14 57 45
 10 15 33 26
 10 16 69 60
 10 17 12 12
 10 18 30 27
 10 19 2 2
 10 20 59 42
 10 21 62 47
 10 22 67 55
 10 23 62 48
 10 24 39 43
 10 25 18 17
 10 26 47 49
 10 27 7 6
 10 28 52 40
 10 29 12 9
 10 30 40 42
 10 31 56 47
 10 32 66 70
 10 33 47 37
 10 34 73 52
 11 12 7 9
 11 13 9 13
 11 14 13 9
 11 15 16 11
 11 16 18 20
 11 17 2 3
 11 18 48 39
 11 19 36 26
 11 20 69 64
 11 21 4 5
 11 22 50 36
 11 23 22 27
 11 24 19 22
 11 25 48 54
 11 26 2 2
 11 27 10 11
 11 28 16 16
 11 29 28 27
 11 30 35 38
 11 31 2 2
 11 32 13 11
 11 33 63 50
 11 34 57 44
 12 13 1 0
 12 14 24 26
 12 15 31 34
 12 16 2 3
 12 17 14 19
 12 18 55 52
 12 19 61 43
 12 20 0 0
 12 21 13 16
 12 22 31 39
 12 23 34 43
 12 24 45 37
 12 25 21 17
 12 26 39 49
 12 27 30 37
 12 28 24 24
 12 29 64 57
 12 30 16 21
 12 31 47 41
 12 32 63 60
 12 33 76 55
 12 34 30 23
 13 14 64 50
 13 15 57 69
 13 16 68 49
 13 17 61 73
 13 18 34 25
 13 19 66 55
 13 20 49 58
 13 21 1 1
 13 22 16 12
 13 23 52 38
 13 24 22 29
 13 25 10 8
 13 26 19 23
 13 27 12 12
 13 28 54 40
 13 29 43 50
 13 30 24 23
 13 31 4 3
 13 32 45 43
 13 33 53 75
 13 34 29 22
 14 15 80 56
 14 16 16 18
 14 17 3 2
 14 18 56 65
 14 19 64 45
 14 20 41 42
 14 21 67 67
 14 22 12 16
 14 23 31 42
 14 24 75 64
 14 25 46 36
 14 26 64 74
 14 27 34 31
 14 28 9 13
 14 29 10 9
 14 30 62 46
 14 31 40 36
 14 32 19 27
 14 33 52 58
 14 34 38 31
 15 16 55 41
 15 17 46 48
 15 18 12 11
 15 19 68 65
 15 20 21 17
 15 21 57 60
 15 22 54 50
 15 23 5 5
 15 24 31 31
 15 25 0 0
 15 26 18 19
 15 27 4 3
 15 28 61 60
 15 29 62 47
 15 30 9 13
 15 31 33 29
 15 32 48 36
 15 33 73 61
 15 34 21 26
 16 17 11 15
 16 18 31 44
 16 19 38 30
 16 20 46 40
 16 21 53 55
 16 22 55 54
 16 23 29 21
 16 24 44 42
 16 25 0 0
 16 26 6 6
 16 27 31 22
 16 28 27 26
 16 29 59 80
 16 30 70 54
 16 31 14 12
 16 32 24 20
 16 33 18 16
 16 34 63 67
 17 18 18 13
 17 19 56 56
 17 20 51 72
 17 21 41 37
 17 22 3 4
 17 23 31 34
 17 24 2 3
 17 25 30 28
 17 26 61 51
 17 27 10 10
 17 28 68 71
 17 29 30 36
 17 30 27 20
 17 31 30 25
 17 32 39 29
 17 33 18 22
 17 34 26 38
 18 19 44 50
 18 20 12 10
 18 21 49 48
 18 22 46 49
 18 23 38 36
 18 24 68 59
 18 25 32 30
 18 26 8 10
 18 27 60 71
 18 28 6 6
 18 29 57 75
 18 30 56 61
 18 31 33 38
 18 32 40 53
 18 33 55 68
 18 34 36 45
 19 20 43 31
 19 21 49 44
 19 22 50 53
 19 23 66 51
 19 24 1 1
 19 25 64 63
 19 26 17 18
 19 27 18 26
 19 28 43 34
 19 29 25 21
 19 30 56 55
 19 31 21 18
 19 32 2 3
 19 33 58 68
 19 34 43 34
 20 21 26 22
 20 22 0 0
 20 23 3 4
 20 24 14 19
 20 25 46 34
 20 26 42 58
 20 27 10 9
 20 28 3 5
 20 29 26 35
 20 30 18 16
 20 31 66 53
 20 32 35 39
 20 33 54 53
 20 34 54 39
 21 22 40 28
 21 23 55 69
 21 24 17 19
 21 25 3 4
 21 26 37 39
 21 27 51 48
 21 28 17 22
 21 29 24 17
 21 30 25 32
 21 31 11 11
 21 32 68 64
 21 33 21 19
 21 34 25 19
 22 23 58 59
 22 24 1 0
 22 25 0 0
 22 26 57 51
 22 27 65 53
 22 28 63 45
 22 29 37 44
 22 30 33 39
 22 31 23 19
 22 32 65 75
 22 33 34 34
 22 34 38 37
 23 24 9 7
 23 25 35 26
 23 26 0 0
 23 27 51 64
 23 28 73 56
 23 29 41 52
 23 30 58 43
 23 31 5 7
 23 32 50 61
 23 33 19 26
 23 34 8 10
 24 25 13 17
 24 26 38 39
 24 27 33 44
 24 28 14 16
 24 29 20 27
 24 30 0 0
 24 31 55 48
 24 32 34 39
 24 33 7 9
 24 34 17 14
 25 26 11 12
 25 27 36 41
 25 28 77 54
 25 29 2 3
 25 30 3 2
 25 31 18 16
 25 32 4 6
 25 33 17 24
 25 34 33 45
 26 27 64 52
 26 28 25 23
 26 29 9 7
 26 30 18 23
 26 31 63 59
 26 32 73 59
 26 33 0 0
 26 34 48 48
 27 28 22 22
 27 29 9 10
 27 30 46 36
 27 31 52 36
 27 32 52 73
 27 33 59 50
 27 34 20 25
 28 29 28 30
 28 30 47 45
 28 31 55 70
 28 32 8 11
 28 33 23 24
 28 34 38 47
 29 30 10 12
 29 31 37 46
 29 32 49 43
 29 33 47 51
 29 34 54 49
 30 31 8 6
 30 32 64 64
 30 33 19 25
 30 34 42 39
 31 32 37 35
 31 33 7 5
 31 34 18 15
 32 33 59 60
 32 34 19 24
 33 34 7 7
