1 2886 4592
1 5131 2539
1 3453 3083
1 3056 3714
1 4115 2717
1 2936 4117
1 3220 3370
1 3700 2898
1 4699 2574
1 2902 4356
1 2993 3890
1 3132 3540
1 3373 3163
1 3574 2982
1 3883 2806
1 4317 2661
1 4933 2547
1 2891 4494
1 2920 4224
1 2963 4002
1 3022 3806
1 3079 3658
1 3187 3430
1 3254 3317
1 3507 3036
1 3611 2955
1 3768 2861
1 4006 2756
1 4169 2700
1 4523 2613
1 4840 2556
1 4974 2544
1 2887 4559
1 2896 4426
1 2910 4295
1 2935 4123
1 2948 4064
1 2975 3957
1 2999 3872
1 3047 3738
1 3108 3592
1 3291 3267
1 3398 3137
1 3437 3098
1 3485 3055
1 3566 2988
1 3651 2929
1 3753 2869
1 3830 2830
1 3947 2779
1 4063 2735
1 4240 2681
1 4363 2650
1 4652 2584
1 4756 2566
1 4909 2549
1 5035 2542
1 2890 4510
1 2925 4190
1 2942 4090
1 3033 3776
1 3100 3610
1 3122 3561
1 3337 3208
1 3524 3022
1 3852 2820
1 3909 2795
1 4445 2631
1 4625 2590
1 4727 2570
1 4899 2550
1 3315 3236
1 4585 2599
