1 3482 6138
1 6361 3288
1 4222 4110
1 3650 5060
1 5213 3485
1 3534 5521
1 3897 4533
1 4738 3712
1 5697 3336
1 3503 5772
1 3593 5233
1 3810 4702
1 4071 4276
1 4442 3909
1 4899 3624
1 5473 3396
1 5981 3303
1 3485 6040
1 3517 5636
1 3568 5341
1 3613 5165
1 3708 4925
1 3850 4618
1 3966 4427
1 4155 4178
1 4319 4016
1 4625 3784
1 4827 3659
1 5071 3544
1 5332 3441
1 5544 3375
1 5812 3319
1 6152 3293
1 3483 6090
1 3496 5867
1 3513 5670
1 3526 5575
1 3551 5427
1 3585 5265
1 3599 5210
1 3634 5104
1 3679 4990
1 3752 4828
1 3825 4670
1 3864 4591
1 3932 4479
1 4039 4320
1 4095 4245
1 4180 4152
1 4261 4072
1 4347 3991
1 4503 3866
1 4664 3759
1 4765 3695
1 4847 3649
1 5007 3573
1 5154 3508
1 5261 3467
1 5405 3417
1 5520 3382
1 5623 3354
1 5740 3329
1 5869 3313
1 6093 3296
1 6273 3289
1 3488 5992
1 3497 5853
1 3509 5710
1 3539 5492
1 3566 5351
1 3665 5023
1 3726 4885
1 3785 4756
1 3881 4561
1 4015 4355
1 4081 4263
1 4128 4208
1 4415 3932
1 4493 3873
1 4562 3826
1 4799 3675
1 4943 3603
1 5029 3563
1 5112 3526
1 5380 3425
1 5692 3337
1 5775 3324
1 5945 3306
1 6060 3298
1 6212 3291
1 3491 5945
1 3536 5509
1 3543 5470
1 4000 4377
1 4385 3958
1 4422 3926
1 4787 3682
1 4977 3587
1 5643 3349
1 5912 3309
