1 2759 5099
1 5600 2619
1 3521 3270
1 2943 4120
1 4308 2837
1 2819 4565
1 3217 3609
1 3827 3058
1 5023 2664
1 2788 4761
1 2872 4353
1 3055 3886
1 3315 3471
1 3668 3158
1 4086 2923
1 4647 2743
1 5274 2635
1 2761 5019
1 2803 4660
1 2836 4486
1 2921 4188
1 2994 4002
1 3136 3738
1 3293 3499
1 3407 3377
1 3576 3225
1 3759 3099
1 3945 2994
1 4186 2881
1 4441 2797
1 4807 2708
1 5135 2647
1 5499 2622
1 2760 5033
1 2766 4962
1 2791 4739
1 2809 4623
1 2826 4531
1 2858 4404
1 2885 4308
1 2974 4046
1 3030 3933
1 3118 3769
1 3157 3703
1 3260 3546
1 3340 3444
1 3482 3305
1 3567 3232
1 3643 3176
1 3711 3130
1 3808 3069
1 3878 3030
1 4015 2958
1 4138 2901
1 4241 2860
1 4360 2821
1 4558 2765
1 4741 2722
1 4943 2680
1 5091 2653
1 5153 2645
1 5366 2629
1 5550 2620
1 2765 4973
1 2772 4905
1 2902 4251
1 3077 3845
1 3191 3649
1 3234 3584
1 3465 3321
1 3617 3195
1 4029 2951
1 4258 2854
1 4420 2803
1 4503 2780
1 4578 2760
1 4691 2733
1 4870 2695
1 5047 2660
1 5200 2641
1 5333 2631
1 5440 2625
1 3112 3780
1 4296 2841
1 5402 2627
