1 1680 3167
1 3283 1627
1 2210 1931
1 1792 2551
1 2729 1701
1 1709 2822
1 1941 2259
1 2484 1791
1 2966 1654
1 1695 2973
1 1763 2626
1 1886 2357
1 2101 2044
1 2339 1861
1 2619 1735
1 2875 1668
1 3186 1631
1 1686 3083
1 1703 2882
1 1726 2752
1 1776 2591
1 1830 2469
1 1919 2297
1 2018 2152
1 2168 1973
1 2237 1915
1 2452 1806
1 2559 1759
1 2655 1722
1 2791 1686
1 2922 1660
1 3052 1644
1 3204 1630
1 1689 3045
1 1700 2915
1 1713 2805
1 1744 2690
1 1850 2428
1 1905 2322
1 1965 2225
1 2060 2097
1 2125 2018
1 2252 1907
1 2357 1852
1 2540 1767
1 2749 1696
1 2828 1678
1 3133 1636
1 3253 1628
1 1754 2656
1 1978 2207
1 2303 1880
1 2421 1821
