1 1511 2641
1 2729 1495
1 1892 1789
1 1588 2242
1 2340 1551
1 1521 2495
1 1731 1975
1 2081 1659
1 2512 1508
1 1515 2557
1 1556 2345
1 1649 2110
1 1801 1882
1 1997 1707
1 2198 1606
1 2447 1520
1 2596 1500
1 1512 2615
1 1538 2418
1 1580 2267
1 1623 2165
1 1693 2032
1 1757 1939
1 1836 1844
1 1972 1725
1 2015 1695
1 2135 1634
1 2275 1575
1 2403 1532
1 2493 1511
1 2552 1503
1 2664 1497
1 1529 2457
1 1546 2385
1 1644 2120
1 1683 2049
1 1773 1918
1 1864 1816
1 1910 1774
1 2242 1588
1 2369 1542
1 1900 1782
1 1939 1751
