1 3169 6569
1 6039 3341
1 4016 4239
1 3353 5270
1 4918 3574
1 3219 5866
1 3659 4724
1 4446 3854
1 5435 3403
1 3190 6144
1 3261 5631
1 3444 5075
1 3874 4408
1 4218 4034
1 4763 3652
1 5135 3485
1 5665 3366
1 3178 6340
1 3200 6019
1 3246 5704
1 3301 5456
1 3380 5203
1 3514 4956
1 3754 4581
1 3953 4312
1 4135 4113
1 4331 3941
1 4581 3763
1 4843 3609
1 5078 3507
1 5280 3442
1 5600 3374
1 5883 3346
1 3172 6479
1 3185 6215
1 3194 6088
1 3210 5934
1 3238 5749
1 3257 5650
1 3279 5551
1 3329 5353
1 3371 5223
1 3401 5159
1 3485 5005
1 3587 4838
1 3685 4684
1 3821 4483
1 3909 4365
1 3977 4284
1 4070 4180
1 4174 4074
1 4295 3970
1 4365 3915
1 4502 3814
1 4640 3726
1 4798 3632
1 4857 3602
1 4950 3560
1 5175 3472
1 5373 3417
1 5534 3385
1 5639 3369
1 5821 3351
1 5983 3342
1 3175 6408
1 3181 6283
1 3227 5816
1 3290 5503
1 3309 5426
1 3346 5293
1 3361 5248
1 3375 5214
1 3420 5121
1 3495 4988
1 3543 4909
1 3636 4760
1 3713 4642
1 3786 4534
1 3849 4443
1 3928 4342
1 4036 4217
1 4102 4147
1 4231 4023
1 4414 3878
1 4457 3846
1 4525 3799
1 4632 3731
1 4716 3680
1 4787 3638
1 4907 3579
1 5003 3538
1 5216 3460
1 5343 3425
1 5411 3408
1 5466 3397
1 5563 3380
1 5745 3358
1 5899 3345
1 3437 5088
1 3569 4867
1 4272 3989
1 5445 3401
1 5924 3344
