1 1426 2432
1 2436 1127
1 1802 1403
1 1503 1963
1 2057 1193
1 1444 2192
1 1653 1622
1 1883 1317
1 2229 1146
1 1435 2260
1 1465 2091
1 1581 1774
1 1715 1527
1 1870 1329
1 1977 1247
1 2154 1163
1 2301 1136
1 1427 2396
1 1439 2225
1 1455 2135
1 1480 2037
1 1533 1888
1 1632 1663
1 1660 1610
1 1743 1486
1 1822 1381
1 1936 1277
1 2046 1200
1 2089 1182
1 2189 1155
1 2373 1130
1 1432 2309
1 1446 2181
1 1490 2004
1 1562 1818
1 1599 1734
1 1640 1647
1 1694 1558
1 1765 1455
1 1904 1301
1 1999 1232
1 1429 2360
1 1568 1804
