1 2628 5323
1 5175 2580
1 3211 3417
1 2824 4065
1 4101 2793
1 2709 4601
1 2961 3766
1 3599 3080
1 4590 2641
1 2649 5011
1 2763 4309
1 2883 3918
1 3082 3578
1 3410 3229
1 3918 2881
1 4256 2732
1 4927 2591
1 2636 5166
1 2687 4746
1 2742 4409
1 2786 4206
1 2863 3965
1 2930 3822
1 3013 3682
1 3162 3473
1 3285 3343
1 3524 3136
1 3738 2989
1 4019 2829
1 4182 2760
1 4448 2675
1 4699 2622
1 4985 2586
1 2631 5247
1 2643 5072
1 2668 4877
1 2698 4672
1 2727 4494
1 2747 4385
1 2773 4263
1 2803 4140
1 2849 4000
1 2875 3936
1 2902 3878
1 2939 3805
1 2978 3738
1 3035 3648
1 3121 3526
1 3178 3454
1 3335 3297
1 3460 3187
1 3556 3111
1 3612 3071
1 3772 2968
1 3954 2861
1 4037 2821
1 4127 2782
1 4195 2755
1 4398 2689
1 4519 2657
1 4639 2632
1 4796 2608
1 4937 2590
1 5106 2581
1 2630 5267
1 2639 5125
1 2654 4975
1 2678 4808
1 2714 4570
1 2737 4437
1 2771 4272
1 2793 4178
1 2812 4107
1 2967 3756
1 3057 3615
1 3099 3555
1 3138 3504
1 3378 3258
1 3436 3207
1 3465 3183
1 3693 3018
1 3812 2944
1 3964 2856
1 4240 2738
1 4318 2713
1 4486 2665
1 4581 2643
1 4747 2615
1 4871 2598
1 5078 2582
1 3713 3005
1 3886 2900
1 4282 2724
1 4848 2601
