1 3143 5987
1 5655 3339
1 3764 4156
1 3313 4861
1 4616 3555
1 3211 5285
1 3516 4459
1 4188 3781
1 5049 3405
1 3163 5648
1 3249 5074
1 3381 4695
1 3599 4347
1 4005 3928
1 4389 3659
1 4819 3475
1 5342 3362
1 3148 5847
1 3174 5550
1 3231 5165
1 3278 4968
1 3348 4766
1 3434 4598
1 3558 4399
1 3724 4199
1 3817 4102
1 4067 3876
1 4251 3738
1 4512 3601
1 4722 3511
1 4910 3445
1 5240 3374
1 5572 3342
1 3144 5944
1 3157 5723
1 3168 5599
1 3189 5438
1 3220 5229
1 3241 5110
1 3261 5025
1 3289 4934
1 3323 4832
1 3369 4719
1 3413 4636
1 3497 4489
1 3539 4426
1 3571 4382
1 3631 4308
1 3736 4186
1 3805 4114
1 3897 4027
1 4029 3907
1 4106 3845
1 4204 3770
1 4304 3707
1 4464 3623
1 4573 3574
1 4670 3532
1 4758 3497
1 4881 3454
1 5036 3408
1 5162 3386
1 5287 3368
1 5450 3352
1 5623 3340
1 3146 5891
1 3152 5790
1 3161 5672
1 3184 5475
1 3204 5333
1 3214 5266
1 3228 5182
1 3342 4781
1 3468 4539
1 3525 4446
1 3675 4256
1 3869 4053
1 3934 3993
1 4041 3897
1 4129 3827
1 4285 3718
1 4348 3682
1 4644 3543
1 4687 3525
1 4802 3481
1 4854 3463
1 4940 3436
1 5113 3394
1 5279 3369
1 5404 3356
1 5532 3345
1 5596 3341
1 3145 5917
1 3158 5710
1 3693 4235
1 3835 4085
1 3970 3960
1 4998 3419
1 5361 3360
1 5545 3344
