1 2128 4075
1 3916 2161
1 2614 2646
1 2264 3244
1 3297 2251
1 2178 3572
1 2425 2894
1 2990 2384
1 3503 2198
1 2157 3713
1 2197 3475
1 2323 3097
1 2487 2802
1 2724 2559
1 3127 2320
1 3367 2227
1 3736 2170
1 2137 3935
1 2164 3658
1 2187 3520
1 2245 3307
1 2290 3174
1 2403 2932
1 2465 2831
1 2541 2733
1 2634 2626
1 2891 2445
1 3079 2341
1 3230 2277
1 3347 2233
1 3445 2209
1 3606 2184
1 3785 2166
1 2129 4043
1 2143 3866
1 2182 3548
1 2214 3415
1 2273 3219
1 2349 3042
1 2418 2906
1 2438 2872
1 2587 2678
1 2681 2590
1 2821 2492
1 2960 2402
1 3025 2367
1 3155 2308
1 3253 2268
1 3405 2218
1 3490 2200
1 3538 2193
1 3665 2177
1 3870 2162
1 2132 4000
1 2149 3800
1 2228 3366
1 2340 3061
1 2392 2954
1 2770 2527
1 2888 2447
1 2910 2433
1 3179 2298
1 2369 3001
