Grid graph
 225 nodes
 420 arcs
 1 2 8 64
 1 16 49 19
 2 3 20 21
 2 17 11 60
 3 4 14 94
 3 18 68 20
 4 5 24 22
 4 19 6 31
 5 6 24 12
 5 20 13 4
 6 7 67 34
 6 21 71 41
 7 8 15 3
 7 22 1 7
 8 9 7 25
 8 23 71 62
 9 10 93 12
 9 24 25 17
 10 11 19 91
 10 25 9 55
 11 12 13 53
 11 26 43 71
 12 13 89 14
 12 27 13 19
 13 14 53 14
 13 28 63 29
 14 15 5 57
 14 29 41 11
 15 30 11 17
 16 17 54 23
 16 31 47 60
 17 18 45 42
 17 32 91 17
 18 19 50 16
 18 33 57 23
 19 20 58 55
 19 34 9 8
 20 21 31 61
 20 35 59 13
 21 22 11 22
 21 36 32 66
 22 23 58 37
 22 37 35 40
 23 24 60 15
 23 38 36 59
 24 25 44 14
 24 39 25 6
 25 26 51 40
 25 40 10 47
 26 27 48 65
 26 41 51 43
 27 28 25 6
 27 42 43 72
 28 29 3 6
 28 43 62 28
 29 30 18 75
 29 44 55 36
 30 45 4 14
 31 32 83 11
 31 46 59 44
 32 33 41 79
 32 47 57 70
 33 34 79 47
 33 48 1 1
 34 35 61 76
 34 49 47 14
 35 36 32 48
 35 50 44 13
 36 37 74 29
 36 51 34 78
 37 38 96 9
 37 52 42 25
 38 39 84 9
 38 53 36 30
 39 40 91 20
 39 54 53 53
 40 41 7 36
 40 55 13 71
 41 42 30 12
 41 56 29 25
 42 43 96 10
 42 57 12 65
 43 44 6 2
 43 58 64 49
 44 45 16 64
 44 59 8 2
 45 60 31 70
 46 47 12 37
 46 61 35 85
 47 48 21 7
 47 62 39 58
 48 49 53 21
 48 63 4 37
 49 50 5 42
 49 64 5 6
 50 51 4 5
 50 65 46 64
 51 52 0 1
 51 66 23 45
 52 53 30 22
 52 67 39 14
 53 54 56 16
 53 68 59 45
 54 55 51 13
 54 69 9 2
 55 56 56 17
 55 70 1 0
 56 57 43 31
 56 71 11 3
 57 58 34 28
 57 72 7 3
 58 59 86 11
 58 73 10 24
 59 60 40 52
 59 74 39 65
 60 75 33 16
 61 62 47 8
 61 76 35 18
 62 63 13 7
 62 77 20 15
 63 64 2 7
 63 78 33 54
 64 65 21 7
 64 79 0 0
 65 66 21 67
 65 80 1 4
 66 67 3 18
 66 81 63 8
 67 68 7 42
 67 82 11 6
 68 69 48 28
 68 83 37 36
 69 70 26 44
 69 84 20 18
 70 71 64 16
 70 85 49 42
 71 72 4 16
 71 86 23 78
 72 73 17 16
 72 87 22 93
 73 74 1 11
 73 88 16 41
 74 75 66 33
 74 89 18 46
 75 90 49 16
 76 77 7 27
 76 91 65 50
 77 78 81 19
 77 92 30 31
 78 79 0 6
 78 93 59 9
 79 80 8 15
 79 94 72 23
 80 81 15 2
 80 95 33 3
 81 82 31 31
 81 96 8 2
 82 83 20 52
 82 97 26 80
 83 84 51 36
 83 98 69 32
 84 85 13 25
 84 99 11 13
 85 86 26 15
 85 100 80 37
 86 87 27 86
 86 101 81 27
 87 88 89 39
 87 102 21 7
 88 89 36 52
 88 103 55 70
 89 90 0 0
 89 104 40 15
 90 105 6 7
 91 92 80 36
 91 106 27 38
 92 93 8 78
 92 107 18 12
 93 94 18 12
 93 108 72 59
 94 95 18 20
 94 109 6 11
 95 96 28 23
 95 110 74 52
 96 97 30 42
 96 111 15 1
 97 98 52 29
 97 112 68 40
 98 99 30 10
 98 113 10 17
 99 100 26 4
 99 114 70 42
 100 101 9 5
 100 115 66 74
 101 102 21 25
 101 116 28 12
 102 103 3 0
 102 117 3 4
 103 104 3 2
 103 118 23 74
 104 105 35 20
 104 119 21 37
 105 120 39 19
 106 107 77 48
 106 121 26 35
 107 108 48 6
 107 122 35 50
 108 109 31 12
 108 123 16 30
 109 110 17 43
 109 124 33 14
 110 111 5 21
 110 125 53 9
 111 112 1 6
 111 126 13 7
 112 113 24 91
 112 127 21 18
 113 114 52 47
 113 128 88 7
 114 115 10 6
 114 129 9 41
 115 116 24 69
 115 130 33 38
 116 117 9 0
 116 131 19 8
 117 118 35 3
 117 132 31 76
 118 119 38 38
 118 133 32 61
 119 120 58 17
 119 134 51 35
 120 135 34 4
 121 122 55 58
 121 136 19 52
 122 123 10 4
 122 137 53 50
 123 124 45 66
 123 138 21 80
 124 125 11 9
 124 139 9 34
 125 126 43 73
 125 140 17 80
 126 127 36 52
 126 141 9 35
 127 128 54 49
 127 142 9 69
 128 129 80 39
 128 143 58 5
 129 130 21 10
 129 144 38 84
 130 131 51 15
 130 145 65 48
 131 132 20 20
 131 146 20 46
 132 133 26 19
 132 147 25 29
 133 134 22 15
 133 148 47 13
 134 135 83 41
 134 149 19 67
 135 150 7 26
 136 137 20 13
 136 151 3 1
 137 138 1 5
 137 152 91 18
 138 139 30 18
 138 153 13 12
 139 140 98 15
 139 154 31 16
 140 141 22 9
 140 155 6 2
 141 142 7 34
 141 156 15 63
 142 143 22 93
 142 157 8 16
 143 144 0 0
 143 158 18 2
 144 145 19 8
 144 159 17 87
 145 146 33 70
 145 160 81 30
 146 147 1 2
 146 161 70 54
 147 148 42 78
 147 162 1 7
 148 149 0 6
 148 163 29 68
 149 150 33 49
 149 164 23 71
 150 165 23 26
 151 152 27 8
 151 166 4 11
 152 153 28 28
 152 167 57 25
 153 154 89 42
 153 168 25 35
 154 155 20 14
 154 169 27 20
 155 156 37 77
 155 170 38 34
 156 157 71 69
 156 171 60 16
 157 158 40 51
 157 172 58 33
 158 159 66 64
 158 173 1 0
 159 160 3 9
 159 174 2 24
 160 161 47 50
 160 175 10 7
 161 162 66 23
 161 176 8 3
 162 163 24 27
 162 177 0 0
 163 164 57 58
 163 178 10 8
 164 165 39 19
 164 179 5 67
 165 180 6 39
 166 167 2 13
 166 181 24 66
 167 168 25 40
 167 182 79 35
 168 169 24 60
 168 183 39 6
 169 170 40 45
 169 184 15 8
 170 171 21 8
 170 185 1 1
 171 172 42 59
 171 186 33 44
 172 173 52 51
 172 187 32 18
 173 174 77 17
 173 188 13 20
 174 175 30 66
 174 189 19 60
 175 176 23 87
 175 190 41 68
 176 177 27 35
 176 191 24 37
 177 178 6 19
 177 192 16 10
 178 179 62 11
 178 193 5 13
 179 180 56 15
 179 194 57 45
 180 195 13 13
 181 182 86 32
 181 196 6 5
 182 183 38 77
 182 197 3 19
 183 184 24 39
 183 198 44 20
 184 185 0 3
 184 199 61 11
 185 186 66 59
 185 200 29 35
 186 187 12 82
 186 201 10 14
 187 188 11 76
 187 202 88 33
 188 189 9 10
 188 203 16 25
 189 190 4 4
 189 204 49 42
 190 191 39 25
 190 205 41 12
 191 192 9 41
 191 206 10 26
 192 193 4 14
 192 207 71 31
 193 194 51 43
 193 208 3 4
 194 195 13 61
 194 209 68 26
 195 210 49 38
 196 197 64 20
 196 211 4 1
 197 198 11 14
 197 212 73 53
 198 199 16 40
 198 213 14 15
 199 200 41 7
 199 214 16 37
 200 201 19 75
 200 215 7 11
 201 202 0 0
 201 216 37 8
 202 203 20 6
 202 217 20 7
 203 204 10 8
 203 218 0 0
 204 205 16 15
 204 219 12 14
 205 206 6 15
 205 220 73 14
 206 207 20 33
 206 221 8 17
 207 208 58 42
 207 222 74 32
 208 209 61 78
 208 223 3 11
 209 210 8 11
 209 224 7 6
 210 225 53 15
 211 212 2 14
 212 213 6 30
 213 214 75 14
 214 215 52 22
 215 216 28 51
 216 217 5 1
 217 218 8 16
 218 219 3 11
 219 220 10 59
 220 221 95 17
 221 222 76 13
 222 223 52 76
 223 224 84 27
 224 225 58 63
