1 1855 3629
1 3657 1800
1 2245 2444
1 1953 2996
1 2989 1948
1 1884 3268
1 2099 2652
1 2638 2130
1 3287 1854
1 1862 3484
1 1926 3081
1 2032 2787
1 2193 2506
1 2449 2268
1 2830 2023
1 3130 1891
1 3472 1819
1 1856 3565
1 1870 3390
1 1895 3208
1 1929 3071
1 1997 2874
1 2047 2753
1 2147 2573
1 2222 2469
1 2339 2359
1 2556 2187
1 2716 2084
1 2888 1995
1 3068 1915
1 3202 1873
1 3363 1838
1 3611 1801
1 1866 3435
1 1877 3325
1 1888 3244
1 1907 3158
1 1978 2925
1 2003 2859
1 2073 2702
1 2163 2549
1 2211 2483
1 2281 2411
1 2399 2308
1 2504 2226
1 2587 2165
1 2692 2098
1 2773 2053
1 2905 1987
1 3003 1942
1 3145 1887
1 3278 1856
1 3417 1828
1 3562 1807
1 1960 2976
1 2172 2536
1 2360 2341
1 2471 2251
1 2976 1954
1 3524 1812
