Grid graph
 225 nodes
 420 arcs
 1 2 62 14
 1 16 66 12
 2 3 8 37
 2 17 48 56
 3 4 16 13
 3 18 5 15
 4 5 10 36
 4 19 89 16
 5 6 66 11
 5 20 45 9
 6 7 17 15
 6 21 33 13
 7 8 68 47
 7 22 57 49
 8 9 12 38
 8 23 2 7
 9 10 52 82
 9 24 20 41
 10 11 25 60
 10 25 4 1
 11 12 33 88
 11 26 50 8
 12 13 3 8
 12 27 36 59
 13 14 51 58
 13 28 36 40
 14 15 79 33
 14 29 83 35
 15 30 81 23
 16 17 19 10
 16 31 57 68
 17 18 34 44
 17 32 8 54
 18 19 10 37
 18 33 9 90
 19 20 35 68
 19 34 41 80
 20 21 0 0
 20 35 13 40
 21 22 10 12
 21 36 9 70
 22 23 8 8
 22 37 37 41
 23 24 64 36
 23 38 6 6
 24 25 72 7
 24 39 41 90
 25 26 8 2
 25 40 10 6
 26 27 58 68
 26 41 13 55
 27 28 1 3
 27 42 62 47
 28 29 9 52
 28 43 4 31
 29 30 8 33
 29 44 34 89
 30 45 64 68
 31 32 45 42
 31 46 20 31
 32 33 59 18
 32 47 56 71
 33 34 51 74
 33 48 6 6
 34 35 32 16
 34 49 45 78
 35 36 34 34
 35 50 35 21
 36 37 75 16
 36 51 12 24
 37 38 13 8
 37 52 8 83
 38 39 94 28
 38 53 40 3
 39 40 2 1
 39 54 13 47
 40 41 15 5
 40 55 76 57
 41 42 55 61
 41 56 0 2
 42 43 3 5
 42 57 8 67
 43 44 24 2
 43 58 25 31
 44 45 82 53
 44 59 7 31
 45 60 5 24
 46 47 70 14
 46 61 43 31
 47 48 44 7
 47 62 38 4
 48 49 45 15
 48 63 81 56
 49 50 13 58
 49 64 21 15
 50 51 84 14
 50 65 28 26
 51 52 24 58
 51 66 8 7
 52 53 11 68
 52 67 12 61
 53 54 33 17
 53 68 52 26
 54 55 37 14
 54 69 8 5
 55 56 5 58
 55 70 29 74
 56 57 17 35
 56 71 7 8
 57 58 9 78
 57 72 6 7
 58 59 9 21
 58 73 34 53
 59 60 34 28
 59 74 0 0
 60 75 25 40
 61 62 78 26
 61 76 8 27
 62 63 27 53
 62 77 15 30
 63 64 57 24
 63 78 14 31
 64 65 13 35
 64 79 9 13
 65 66 40 71
 65 80 89 24
 66 67 16 27
 66 81 56 5
 67 68 80 22
 67 82 38 17
 68 69 74 13
 68 83 91 19
 69 70 88 24
 69 84 65 37
 70 71 13 1
 70 85 2 7
 71 72 35 63
 71 86 48 4
 72 73 32 50
 72 87 25 15
 73 74 22 63
 73 88 44 71
 74 75 87 27
 74 89 50 32
 75 90 7 28
 76 77 12 88
 76 91 37 34
 77 78 27 67
 77 92 13 34
 78 79 1 1
 78 93 31 42
 79 80 24 62
 79 94 49 70
 80 81 0 0
 80 95 77 16
 81 82 33 15
 81 96 43 48
 82 83 31 14
 82 97 19 15
 83 84 46 81
 83 98 0 2
 84 85 70 10
 84 99 7 13
 85 86 33 80
 85 100 29 62
 86 87 21 2
 86 101 15 64
 87 88 46 14
 87 102 2 0
 88 89 22 49
 88 103 35 62
 89 90 14 4
 89 104 64 68
 90 105 90 28
 91 92 1 2
 91 106 30 3
 92 93 65 26
 92 107 56 59
 93 94 14 72
 93 108 54 69
 94 95 14 9
 94 109 10 14
 95 96 16 9
 95 110 66 53
 96 97 37 39
 96 111 18 30
 97 98 55 65
 97 112 34 57
 98 99 78 27
 98 113 44 16
 99 100 39 73
 99 114 12 66
 100 101 0 5
 100 115 60 59
 101 102 17 16
 101 116 15 8
 102 103 2 16
 102 117 31 32
 103 104 12 21
 103 118 20 56
 104 105 8 6
 104 119 17 34
 105 120 12 87
 106 107 3 26
 106 121 49 7
 107 108 7 9
 107 122 69 22
 108 109 27 47
 108 123 19 54
 109 110 9 59
 109 124 18 39
 110 111 28 67
 110 125 25 69
 111 112 17 45
 111 126 27 81
 112 113 55 70
 112 127 37 83
 113 114 18 44
 113 128 11 4
 114 115 5 25
 114 129 10 24
 115 116 29 5
 115 130 12 18
 116 117 63 27
 116 131 6 16
 117 118 21 8
 117 132 8 8
 118 119 41 25
 118 133 49 23
 119 120 86 40
 119 134 34 9
 120 135 55 64
 121 122 53 72
 121 136 52 17
 122 123 52 17
 122 137 28 21
 123 124 4 35
 123 138 18 75
 124 125 59 17
 124 139 39 14
 125 126 46 81
 125 140 59 46
 126 127 19 13
 126 141 1 5
 127 128 33 61
 127 142 13 36
 128 129 0 0
 128 143 83 27
 129 130 52 5
 129 144 3 12
 130 131 38 28
 130 145 21 58
 131 132 19 70
 131 146 14 57
 132 133 78 28
 132 147 57 59
 133 134 2 22
 133 148 21 38
 134 135 16 18
 134 149 60 13
 135 150 55 33
 136 137 20 34
 136 151 62 43
 137 138 18 24
 137 152 30 17
 138 139 24 3
 138 153 2 0
 139 140 72 68
 139 154 84 25
 140 141 77 57
 140 155 46 30
 141 142 61 20
 141 156 50 46
 142 143 44 5
 142 157 68 13
 143 144 11 8
 143 158 63 20
 144 145 27 63
 144 159 16 38
 145 146 41 27
 145 160 7 7
 146 147 83 9
 146 161 65 47
 147 148 21 10
 147 162 10 19
 148 149 28 9
 148 163 14 28
 149 150 0 1
 149 164 33 54
 150 165 11 79
 151 152 88 23
 151 166 37 13
 152 153 15 81
 152 167 12 11
 153 154 3 1
 153 168 93 12
 154 155 24 27
 154 169 20 3
 155 156 26 52
 155 170 12 20
 156 157 65 14
 156 171 22 92
 157 158 2 15
 157 172 16 20
 158 159 3 29
 158 173 18 76
 159 160 15 16
 159 174 9 97
 160 161 40 32
 160 175 1 0
 161 162 24 20
 161 176 72 48
 162 163 44 51
 162 177 70 54
 163 164 37 22
 163 178 42 42
 164 165 2 22
 164 179 46 33
 165 180 62 54
 166 167 11 21
 166 181 40 83
 167 168 13 5
 167 182 14 6
 168 169 5 13
 168 183 66 35
 169 170 4 44
 169 184 46 75
 170 171 9 2
 170 185 76 61
 171 172 85 32
 171 186 15 86
 172 173 31 15
 172 187 64 18
 173 174 13 74
 173 188 6 0
 174 175 6 18
 174 189 16 27
 175 176 48 19
 175 190 48 28
 176 177 4 32
 176 191 0 0
 177 178 55 7
 177 192 19 10
 178 179 45 45
 178 193 24 9
 179 180 44 9
 179 194 66 72
 180 195 38 76
 181 182 51 83
 181 196 3 30
 182 183 14 7
 182 197 53 61
 183 184 24 59
 183 198 72 32
 184 185 65 8
 184 199 58 9
 185 186 54 54
 185 200 14 13
 186 187 17 6
 186 201 56 20
 187 188 6 1
 187 202 61 12
 188 189 13 55
 188 203 16 42
 189 190 61 24
 189 204 2 9
 190 191 3 4
 190 205 13 2
 191 192 3 4
 191 206 25 13
 192 193 7 4
 192 207 33 6
 193 194 17 5
 193 208 39 47
 194 195 3 5
 194 209 3 12
 195 210 17 4
 196 197 7 9
 196 211 82 33
 197 198 42 10
 197 212 23 45
 198 199 48 29
 198 213 58 40
 199 200 70 24
 199 214 11 19
 200 201 34 29
 200 215 35 22
 201 202 63 12
 201 216 8 11
 202 203 41 25
 202 217 16 26
 203 204 54 71
 203 218 70 39
 204 205 59 23
 204 219 72 37
 205 206 67 52
 205 220 43 60
 206 207 61 52
 206 221 35 17
 207 208 58 23
 207 222 22 23
 208 209 55 70
 208 223 24 38
 209 210 14 21
 209 224 12 77
 210 225 76 24
 211 212 14 13
 212 213 67 24
 213 214 48 8
 214 215 2 25
 215 216 36 17
 216 217 11 7
 217 218 0 2
 218 219 61 48
 219 220 69 57
 220 221 7 5
 221 222 7 33
 222 223 28 49
 223 224 43 12
 224 225 38 57
