1 2360 4275
1 4417 2361
1 2827 2997
1 2523 3509
1 3504 2568
1 2418 3907
1 2682 3170
1 3083 2790
1 4033 2403
1 2371 4165
1 2479 3647
1 2607 3305
1 2717 3115
1 2960 2878
1 3313 2655
1 3765 2473
1 4253 2368
1 2368 4185
1 2394 4030
1 2453 3751
1 2503 3568
1 2555 3427
1 2646 3234
1 2709 3126
1 2791 3034
1 2895 2935
1 3005 2842
1 3183 2728
1 3384 2619
1 3621 2524
1 3881 2440
1 4122 2386
1 4378 2362
1 2362 4251
1 2379 4115
1 2403 3982
1 2434 3832
1 2472 3674
1 2485 3627
1 2512 3540
1 2535 3477
1 2579 3370
1 2636 3252
1 2675 3182
1 2737 3092
1 2816 3008
1 2885 2944
1 2949 2887
1 3026 2827
1 3150 2748
1 3228 2702
1 3355 2633
1 3439 2594
1 3530 2558
1 3654 2512
1 3852 2448
1 3982 2415
1 4067 2396
1 4208 2373
1 4308 2365
1 2389 4058
1 2463 3710
1 2546 3449
1 2565 3403
1 2591 3342
1 2730 3100
1 3134 2758
1 3214 2710
1 3237 2697
1 3357 2632
1 3602 2531
1 3708 2493
1 3796 2464
1 3901 2435
1 4116 2387
1 4188 2376
1 4267 2367
