1 1496 2419
1 2524 1397
1 1950 1560
1 1609 1983
1 2145 1448
1 1518 2224
1 1740 1796
1 2014 1511
1 2341 1409
1 1498 2338
1 1556 2105
1 1672 1886
1 1866 1647
1 1977 1534
1 2091 1471
1 2201 1434
1 2399 1402
1 1497 2368
1 1509 2271
1 1542 2144
1 1588 2029
1 1647 1922
1 1713 1830
1 1805 1718
1 1918 1592
1 1981 1531
1 2059 1487
1 2102 1466
1 2248 1425
1 2494 1398
1 1538 2157
1 1552 2116
1 1574 2062
1 1618 1968
1 1649 1919
1 1764 1767
1 1839 1678
1 1895 1616
1 2142 1449
1 2271 1421
1 2421 1401
1 1561 2093
