1 2763 5820
1 5752 2803
1 3546 3609
1 3035 4526
1 4429 3045
1 2841 5200
1 3275 3967
1 3970 3276
1 5208 2848
1 2786 5545
1 2911 4909
1 3153 4223
1 3405 3767
1 3775 3412
1 4175 3158
1 4707 2957
1 5409 2821
1 2772 5676
1 2814 5355
1 2900 4951
1 2959 4753
1 3088 4382
1 3229 4057
1 3314 3902
1 3484 3673
1 3664 3501
1 3845 3359
1 4101 3198
1 4317 3091
1 4596 2988
1 4942 2900
1 5304 2833
1 5645 2805
1 2766 5758
1 2782 5577
1 2794 5486
1 2831 5253
1 2868 5085
1 2926 4859
1 3005 4614
1 3066 4440
1 3123 4293
1 3182 4158
1 3250 4014
1 3303 3919
1 3333 3873
1 3444 3719
1 3508 3648
1 3574 3581
1 3695 3475
1 3792 3399
1 3906 3318
1 4042 3232
1 4143 3175
1 4211 3140
1 4387 3062
1 4541 3006
1 4644 2974
1 4864 2918
1 5066 2875
1 5262 2839
1 5385 2823
1 5507 2813
1 5677 2804
1 2767 5744
1 2778 5616
1 2801 5440
1 2850 5161
1 2883 5022
1 2930 4846
1 2982 4683
1 3022 4564
1 3062 4451
1 3111 4323
1 3166 4193
1 3205 4108
1 3268 3980
1 3358 3836
1 3641 3521
1 3728 3449
1 3841 3362
1 3864 3346
1 4017 3247
1 4262 3116
1 4471 3030
1 4616 2982
1 4807 2932
1 4889 2912
1 5021 2884
1 5133 2862
1 5557 2810
1 2949 4785
