1 3294 6187
1 6346 2997
1 3940 4079
1 3456 5071
1 5078 3268
1 3345 5605
1 3661 4541
1 4530 3568
1 5765 3043
1 3307 5951
1 3388 5345
1 3571 4743
1 3815 4254
1 4247 3786
1 4732 3443
1 5397 3145
1 5971 3009
1 3298 6074
1 3332 5705
1 3363 5484
1 3426 5178
1 3506 4918
1 3604 4663
1 3732 4402
1 3864 4175
1 4081 3936
1 4359 3694
1 4630 3503
1 4986 3311
1 5243 3198
1 5583 3086
1 5907 3017
1 6127 3001
1 3295 6137
1 3299 6059
1 3313 5885
1 3339 5647
1 3355 5537
1 3377 5401
1 3402 5281
1 3434 5147
1 3472 5019
1 3529 4854
1 3587 4703
1 3626 4615
1 3688 4487
1 3784 4306
1 3857 4186
1 3894 4134
1 4036 3980
1 4145 3877
1 4313 3730
1 4467 3613
1 4575 3538
1 4665 3482
1 4828 3392
1 5036 3287
1 5157 3234
1 5303 3177
1 5474 3120
1 5644 3070
1 5849 3027
1 6047 3004
1 6200 2999
1 3325 5771
1 3365 5472
1 3382 5375
1 3414 5229
1 3451 5088
1 3490 4965
1 3547 4806
1 3619 4630
1 3648 4568
1 3704 4456
1 3760 4350
1 3882 4150
1 3919 4103
1 3985 4032
1 4058 3958
1 4098 3920
1 4155 3868
1 4269 3767
1 4397 3665
1 4643 3495
1 4723 3448
1 4769 3423
1 4902 3354
1 5207 3213
1 5344 3163
1 5446 3129
1 5544 3098
1 5711 3055
1 6098 3002
1 6267 2998
1 4301 3740
1 4409 3656
1 4803 3405
