Grid graph
 225 nodes
 420 arcs
 1 2 49 39
 1 16 47 42
 2 3 10 9
 2 17 46 32
 3 4 0 1
 3 18 0 1
 4 5 48 66
 4 19 63 63
 5 6 44 38
 5 20 38 43
 6 7 47 49
 6 21 5 7
 7 8 67 63
 7 22 51 50
 8 9 61 69
 8 23 18 24
 9 10 37 44
 9 24 28 30
 10 11 59 66
 10 25 15 21
 11 12 30 37
 11 26 6 6
 12 13 59 42
 12 27 39 46
 13 14 51 63
 13 28 19 13
 14 15 48 36
 14 29 39 45
 15 30 67 68
 16 17 48 61
 16 31 66 72
 17 18 16 20
 17 32 2 3
 18 19 38 37
 18 33 8 6
 19 20 0 0
 19 34 38 35
 20 21 25 22
 20 35 39 32
 21 22 5 4
 21 36 37 47
 22 23 28 33
 22 37 73 61
 23 24 3 2
 23 38 51 39
 24 25 49 46
 24 39 0 0
 25 26 33 31
 25 40 8 8
 26 27 54 49
 26 41 12 14
 27 28 5 4
 27 42 45 63
 28 29 62 74
 28 43 18 17
 29 30 16 22
 29 44 17 21
 30 45 50 40
 31 32 36 28
 31 46 55 74
 32 33 36 46
 32 47 28 35
 33 34 52 56
 33 48 31 37
 34 35 23 31
 34 49 67 49
 35 36 71 51
 35 50 63 67
 36 37 16 16
 36 51 22 15
 37 38 43 41
 37 52 5 5
 38 39 68 62
 38 53 62 48
 39 40 21 17
 39 54 0 0
 40 41 23 30
 40 55 8 11
 41 42 29 26
 41 56 13 9
 42 43 16 11
 42 57 11 9
 43 44 21 26
 43 58 29 38
 44 45 52 52
 44 59 2 1
 45 60 46 56
 46 47 39 48
 46 61 10 13
 47 48 34 32
 47 62 56 79
 48 49 44 37
 48 63 72 62
 49 50 40 37
 49 64 26 25
 50 51 2 2
 50 65 6 7
 51 52 58 51
 51 66 11 12
 52 53 31 30
 52 67 37 27
 53 54 53 40
 53 68 48 63
 54 55 43 58
 54 69 39 55
 55 56 52 49
 55 70 45 50
 56 57 24 17
 56 71 18 13
 57 58 39 55
 57 72 62 55
 58 59 8 8
 58 73 74 53
 59 60 17 12
 59 74 30 26
 60 75 42 54
 61 62 48 50
 61 76 47 41
 62 63 46 55
 62 77 0 1
 63 64 2 2
 63 78 33 47
 64 65 32 38
 64 79 18 15
 65 66 79 59
 65 80 22 19
 66 67 70 64
 66 81 15 12
 67 68 2 1
 67 82 55 69
 68 69 10 12
 68 83 14 18
 69 70 10 13
 69 84 12 11
 70 71 73 65
 70 85 32 28
 71 72 43 45
 71 86 32 27
 72 73 68 55
 72 87 38 39
 73 74 67 57
 73 88 15 19
 74 75 35 40
 74 89 14 12
 75 90 37 42
 76 77 21 30
 76 91 14 10
 77 78 17 12
 77 92 29 29
 78 79 11 15
 78 93 28 23
 79 80 52 62
 79 94 66 56
 80 81 45 42
 80 95 48 59
 81 82 62 48
 81 96 1 1
 82 83 67 70
 82 97 41 30
 83 84 47 60
 83 98 10 7
 84 85 33 39
 84 99 23 32
 85 86 2 2
 85 100 58 62
 86 87 26 20
 86 101 18 15
 87 88 36 42
 87 102 42 54
 88 89 43 57
 88 103 56 79
 89 90 16 18
 89 104 15 20
 90 105 55 57
 91 92 32 45
 91 106 72 54
 92 93 38 29
 92 107 49 42
 93 94 17 19
 93 108 53 61
 94 95 41 52
 94 109 72 55
 95 96 4 4
 95 110 65 75
 96 97 14 16
 96 111 5 7
 97 98 16 17
 97 112 37 30
 98 99 33 36
 98 113 22 19
 99 100 74 55
 99 114 28 39
 100 101 65 53
 100 115 59 70
 101 102 17 20
 101 116 27 35
 102 103 55 75
 102 117 43 38
 103 104 1 1
 103 118 53 42
 104 105 56 56
 104 119 2 2
 105 120 61 78
 106 107 2 2
 106 121 38 30
 107 108 5 5
 107 122 5 6
 108 109 0 0
 108 123 54 39
 109 110 50 46
 109 124 29 27
 110 111 46 44
 110 125 14 19
 111 112 17 12
 111 126 10 8
 112 113 5 4
 112 127 8 11
 113 114 75 55
 113 128 27 21
 114 115 45 39
 114 129 6 5
 115 116 43 51
 115 130 15 19
 116 117 0 0
 116 131 23 29
 117 118 2 2
 117 132 41 49
 118 119 22 21
 118 133 39 38
 119 120 38 38
 119 134 31 35
 120 135 39 52
 121 122 5 4
 121 136 9 10
 122 123 67 53
 122 137 43 31
 123 124 42 33
 123 138 42 58
 124 125 19 21
 124 139 66 51
 125 126 27 20
 125 140 46 46
 126 127 57 48
 126 141 32 40
 127 128 26 24
 127 142 28 25
 128 129 65 52
 128 143 17 18
 129 130 4 6
 129 144 31 36
 130 131 52 39
 130 145 47 63
 131 132 46 51
 131 146 57 63
 132 133 1 1
 132 147 18 12
 133 134 33 46
 133 148 38 50
 134 135 3 4
 134 149 31 42
 135 150 34 48
 136 137 74 57
 136 151 31 24
 137 138 58 65
 137 152 32 46
 138 139 47 33
 138 153 33 45
 139 140 29 33
 139 154 58 61
 140 141 23 16
 140 155 32 38
 141 142 45 42
 141 156 45 33
 142 143 61 63
 142 157 12 13
 143 144 35 43
 143 158 64 73
 144 145 5 3
 144 159 12 11
 145 146 46 33
 145 160 5 4
 146 147 32 39
 146 161 30 27
 147 148 51 42
 147 162 71 57
 148 149 21 16
 148 163 22 21
 149 150 40 44
 149 164 18 16
 150 165 14 20
 151 152 36 27
 151 166 57 48
 152 153 48 67
 152 167 40 41
 153 154 0 0
 153 168 37 30
 154 155 54 50
 154 169 33 32
 155 156 7 9
 155 170 23 18
 156 157 29 25
 156 171 15 18
 157 158 56 66
 157 172 78 55
 158 159 35 43
 158 173 37 45
 159 160 62 59
 159 174 25 25
 160 161 29 38
 160 175 76 53
 161 162 63 67
 161 176 33 29
 162 163 3 4
 162 177 14 14
 163 164 24 26
 163 178 33 37
 164 165 56 49
 164 179 1 1
 165 180 37 44
 166 167 45 51
 166 181 23 32
 167 168 33 36
 167 182 15 19
 168 169 26 33
 168 183 35 49
 169 170 54 42
 169 184 68 58
 170 171 38 43
 170 185 65 55
 171 172 62 75
 171 186 30 21
 172 173 37 36
 172 187 31 28
 173 174 8 10
 173 188 29 30
 174 175 10 9
 174 189 43 38
 175 176 11 10
 175 190 64 70
 176 177 41 49
 176 191 63 48
 177 178 7 8
 177 192 49 39
 178 179 2 2
 178 193 49 67
 179 180 35 37
 179 194 55 60
 180 195 27 21
 181 182 31 22
 181 196 18 25
 182 183 47 38
 182 197 47 48
 183 184 10 9
 183 198 63 45
 184 185 62 68
 184 199 36 30
 185 186 51 57
 185 200 42 33
 186 187 56 70
 186 201 0 0
 187 188 30 29
 187 202 19 23
 188 189 13 10
 188 203 25 31
 189 190 42 36
 189 204 40 29
 190 191 40 39
 190 205 53 51
 191 192 14 18
 191 206 44 34
 192 193 25 31
 192 207 58 41
 193 194 61 60
 193 208 39 44
 194 195 16 20
 194 209 45 38
 195 210 57 54
 196 197 0 0
 196 211 40 29
 197 198 36 38
 197 212 23 19
 198 199 47 44
 198 213 18 18
 199 200 44 46
 199 214 37 41
 200 201 23 31
 200 215 56 44
 201 202 58 80
 201 216 62 48
 202 203 44 58
 202 217 12 17
 203 204 39 48
 203 218 63 60
 204 205 64 74
 204 219 34 25
 205 206 46 34
 205 220 50 47
 206 207 45 37
 206 221 47 54
 207 208 12 11
 207 222 5 5
 208 209 6 5
 208 223 62 51
 209 210 8 6
 209 224 15 21
 210 225 52 64
 211 212 48 55
 212 213 52 70
 213 214 68 56
 214 215 69 64
 215 216 22 18
 216 217 2 3
 217 218 0 0
 218 219 21 28
 219 220 2 2
 220 221 14 19
 221 222 39 41
 222 223 23 20
 223 224 29 36
 224 225 52 58
