1 2397 3643
1 4218 2118
1 3014 2497
1 2539 3031
1 3593 2223
1 2453 3304
1 2747 2743
1 3287 2338
1 3998 2134
1 2411 3507
1 2498 3134
1 2645 2868
1 2868 2624
1 3109 2432
1 3397 2291
1 3711 2191
1 4093 2122
1 2401 3575
1 2426 3425
1 2477 3207
1 2524 3062
1 2573 2972
1 2702 2796
1 2779 2710
1 2913 2583
1 3052 2468
1 3223 2369
1 3332 2317
1 3533 2243
1 3644 2207
1 3832 2165
1 4025 2130
1 4123 2120
1 2399 3603
1 2415 3483
1 2444 3343
1 2458 3283
1 2483 3185
1 2502 3122
1 2614 2912
1 2661 2847
1 2757 2732
1 2826 2664
1 2969 2535
1 3097 2439
1 3159 2404
1 3268 2347
1 3456 2270
1 3694 2195
1 3743 2184
1 3910 2150
1 4081 2123
1 4165 2119
1 2400 3587
1 2433 3393
1 2519 3075
1 2585 2954
1 3125 2423
1 3212 2375
1 3229 2366
1 3878 2156
1 3953 2142
