1 1946 3800
1 3779 2019
1 2506 2467
1 2059 3099
1 3054 2155
1 1982 3411
1 2227 2781
1 2755 2287
1 3420 2050
1 1962 3576
1 2000 3306
1 2149 2910
1 2353 2626
1 2640 2356
1 2901 2214
1 3265 2090
1 3615 2024
1 1955 3666
1 1969 3516
1 1990 3362
1 2030 3193
1 2121 2963
1 2175 2862
1 2263 2731
1 2399 2576
1 2522 2452
1 2661 2342
1 2806 2258
1 2963 2188
1 3120 2134
1 3401 2054
1 3468 2041
1 3659 2022
1 1949 3754
1 1961 3588
1 1975 3467
1 1987 3380
1 2015 3247
1 2045 3143
1 2093 3022
1 2186 2844
1 2305 2681
1 2459 2514
1 2584 2401
1 2676 2333
1 2847 2238
1 2926 2203
1 2979 2182
1 3208 2107
1 3351 2067
1 3567 2029
1 3735 2020
1 2056 3108
1 2070 3074
1 2101 3005
1 2332 2650
1 3291 2083
1 3533 2033
