Grid graph
 225 nodes
 420 arcs
 1 2 70 63
 1 16 38 44
 2 3 48 36
 2 17 12 15
 3 4 48 54
 3 18 25 23
 4 5 53 48
 4 19 51 52
 5 6 20 27
 5 20 48 42
 6 7 24 20
 6 21 29 21
 7 8 39 36
 7 22 54 44
 8 9 69 59
 8 23 6 5
 9 10 49 45
 9 24 37 27
 10 11 39 40
 10 25 34 26
 11 12 21 28
 11 26 33 32
 12 13 60 63
 12 27 29 24
 13 14 19 27
 13 28 60 43
 14 15 49 43
 14 29 15 21
 15 30 27 32
 16 17 33 28
 16 31 54 45
 17 18 71 59
 17 32 70 49
 18 19 6 7
 18 33 29 36
 19 20 71 54
 19 34 22 30
 20 21 18 15
 20 35 3 3
 21 22 14 9
 21 36 54 68
 22 23 62 75
 22 37 9 11
 23 24 28 38
 23 38 8 11
 24 25 50 42
 24 39 36 29
 25 26 69 57
 25 40 38 28
 26 27 35 32
 26 41 48 60
 27 28 46 59
 27 42 43 40
 28 29 15 13
 28 43 18 22
 29 30 42 32
 29 44 38 36
 30 45 66 71
 31 32 19 17
 31 46 39 42
 32 33 14 19
 32 47 63 75
 33 34 67 65
 33 48 38 43
 34 35 34 40
 34 49 6 5
 35 36 66 59
 35 50 27 37
 36 37 6 8
 36 51 48 60
 37 38 31 39
 37 52 62 66
 38 39 33 42
 38 53 49 52
 39 40 59 67
 39 54 8 8
 40 41 2 1
 40 55 4 5
 41 42 4 4
 41 56 3 4
 42 43 67 62
 42 57 27 33
 43 44 19 20
 43 58 33 31
 44 45 33 34
 44 59 53 39
 45 60 60 51
 46 47 6 5
 46 61 3 3
 47 48 8 7
 47 62 37 46
 48 49 29 20
 48 63 21 28
 49 50 64 66
 49 64 11 9
 50 51 58 48
 50 65 51 69
 51 52 14 10
 51 66 26 26
 52 53 63 67
 52 67 20 19
 53 54 14 12
 53 68 59 65
 54 55 1 1
 54 69 18 13
 55 56 36 33
 55 70 17 16
 56 57 22 27
 56 71 63 63
 57 58 51 48
 57 72 38 44
 58 59 34 24
 58 73 42 48
 59 60 31 37
 59 74 51 67
 60 75 60 59
 61 62 19 14
 61 76 64 52
 62 63 61 74
 62 77 26 35
 63 64 33 37
 63 78 4 3
 64 65 38 54
 64 79 75 54
 65 66 36 29
 65 80 23 28
 66 67 42 33
 66 81 11 13
 67 68 33 25
 67 82 12 10
 68 69 44 45
 68 83 23 20
 69 70 37 27
 69 84 68 64
 70 71 48 45
 70 85 41 48
 71 72 6 7
 71 86 9 9
 72 73 59 57
 72 87 36 44
 73 74 28 21
 73 88 0 0
 74 75 24 30
 74 89 19 26
 75 90 22 25
 76 77 15 20
 76 91 19 18
 77 78 17 19
 77 92 57 75
 78 79 58 74
 78 93 22 30
 79 80 73 51
 79 94 47 45
 80 81 22 24
 80 95 41 52
 81 82 67 55
 81 96 5 6
 82 83 8 11
 82 97 0 0
 83 84 21 16
 83 98 34 36
 84 85 60 53
 84 99 22 20
 85 86 25 22
 85 100 56 62
 86 87 29 38
 86 101 18 24
 87 88 27 36
 87 102 5 5
 88 89 12 11
 88 103 69 55
 89 90 5 6
 89 104 2 1
 90 105 68 59
 91 92 69 55
 91 106 4 5
 92 93 74 54
 92 107 17 14
 93 94 25 19
 93 108 59 55
 94 95 8 7
 94 109 22 26
 95 96 31 40
 95 110 12 10
 96 97 57 50
 96 111 9 6
 97 98 8 6
 97 112 23 26
 98 99 6 7
 98 113 50 39
 99 100 17 16
 99 114 49 46
 100 101 14 11
 100 115 65 59
 101 102 27 31
 101 116 45 40
 102 103 36 35
 102 117 50 53
 103 104 6 5
 103 118 43 59
 104 105 56 78
 104 119 52 47
 105 120 55 51
 106 107 4 5
 106 121 1 0
 107 108 59 53
 107 122 33 41
 108 109 7 6
 108 123 27 20
 109 110 5 5
 109 124 2 2
 110 111 24 25
 110 125 63 60
 111 112 40 45
 111 126 24 17
 112 113 46 45
 112 127 46 35
 113 114 18 17
 113 128 34 27
 114 115 70 56
 114 129 44 59
 115 116 4 3
 115 130 15 11
 116 117 9 8
 116 131 33 44
 117 118 68 56
 117 132 23 20
 118 119 7 9
 118 133 39 41
 119 120 66 47
 119 134 35 27
 120 135 36 34
 121 122 48 54
 121 136 65 64
 122 123 35 40
 122 137 55 44
 123 124 40 44
 123 138 58 61
 124 125 26 31
 124 139 62 60
 125 126 25 25
 125 140 20 29
 126 127 42 48
 126 141 17 17
 127 128 40 45
 127 142 61 50
 128 129 52 71
 128 143 14 15
 129 130 63 66
 129 144 37 42
 130 131 19 16
 130 145 12 11
 131 132 15 15
 131 146 33 35
 132 133 10 13
 132 147 31 25
 133 134 13 14
 133 148 2 2
 134 135 30 34
 134 149 69 64
 135 150 7 8
 136 137 22 24
 136 151 37 47
 137 138 43 57
 137 152 38 37
 138 139 50 42
 138 153 57 46
 139 140 58 59
 139 154 53 55
 140 141 67 58
 140 155 56 42
 141 142 61 44
 141 156 11 11
 142 143 14 15
 142 157 48 42
 143 144 75 56
 143 158 48 64
 144 145 52 53
 144 159 26 37
 145 146 75 55
 145 160 40 48
 146 147 34 37
 146 161 25 20
 147 148 75 58
 147 162 10 9
 148 149 19 19
 148 163 54 39
 149 150 10 13
 149 164 59 68
 150 165 46 32
 151 152 52 47
 151 166 34 25
 152 153 40 34
 152 167 13 13
 153 154 71 65
 153 168 42 50
 154 155 28 32
 154 169 43 53
 155 156 10 13
 155 170 2 3
 156 157 48 36
 156 171 31 29
 157 158 36 49
 157 172 52 61
 158 159 30 23
 158 173 50 40
 159 160 40 41
 159 174 41 44
 160 161 75 58
 160 175 44 46
 161 162 9 9
 161 176 58 57
 162 163 41 44
 162 177 11 12
 163 164 33 27
 163 178 10 14
 164 165 5 6
 164 179 60 53
 165 180 38 36
 166 167 58 56
 166 181 71 65
 167 168 22 29
 167 182 48 44
 168 169 12 16
 168 183 26 24
 169 170 47 57
 169 184 36 51
 170 171 35 43
 170 185 69 68
 171 172 27 33
 171 186 43 33
 172 173 15 15
 172 187 9 10
 173 174 31 28
 173 188 15 15
 174 175 17 13
 174 189 42 60
 175 176 42 55
 175 190 36 31
 176 177 18 20
 176 191 36 39
 177 178 47 48
 177 192 29 21
 178 179 14 19
 178 193 31 24
 179 180 54 63
 179 194 67 72
 180 195 40 29
 181 182 54 43
 181 196 10 8
 182 183 72 61
 182 197 22 31
 183 184 67 71
 183 198 55 48
 184 185 53 72
 184 199 13 14
 185 186 37 42
 185 200 59 73
 186 187 45 60
 186 201 12 10
 187 188 7 8
 187 202 11 11
 188 189 28 27
 188 203 33 24
 189 190 43 47
 189 204 60 45
 190 191 32 24
 190 205 68 64
 191 192 54 48
 191 206 12 11
 192 193 75 59
 192 207 5 5
 193 194 4 3
 193 208 33 42
 194 195 18 14
 194 209 14 12
 195 210 47 64
 196 197 58 58
 196 211 18 25
 197 198 13 19
 197 212 41 38
 198 199 54 72
 198 213 37 49
 199 200 20 27
 199 214 61 71
 200 201 34 38
 200 215 7 6
 201 202 63 77
 201 216 42 47
 202 203 53 57
 202 217 56 70
 203 204 33 29
 203 218 26 32
 204 205 39 54
 204 219 27 34
 205 206 62 57
 205 220 60 46
 206 207 9 10
 206 221 6 6
 207 208 11 9
 207 222 42 35
 208 209 31 28
 208 223 74 53
 209 210 9 7
 209 224 48 67
 210 225 8 8
 211 212 68 48
 212 213 53 42
 213 214 52 52
 214 215 20 20
 215 216 26 23
 216 217 60 59
 217 218 28 28
 218 219 63 60
 219 220 32 35
 220 221 6 8
 221 222 6 7
 222 223 36 26
 223 224 28 30
 224 225 1 1
