1 2488 4868
1 4864 2556
1 3192 3188
1 2697 3881
1 3944 2718
1 2545 4431
1 2873 3533
1 3501 2947
1 4418 2588
1 2506 4647
1 2611 4154
1 2788 3690
1 2976 3405
1 3377 3034
1 3724 2823
1 4165 2644
1 4594 2568
1 2494 4752
1 2521 4555
1 2581 4269
1 2639 4057
1 2747 3772
1 2831 3606
1 2942 3444
1 3036 3342
1 3251 3133
1 3437 2989
1 3572 2905
1 3845 2762
1 4075 2671
1 4273 2618
1 4472 2580
1 4706 2561
1 2492 4779
1 2504 4663
1 2511 4616
1 2527 4522
1 2560 4362
1 2591 4229
1 2632 4080
1 2659 3994
1 2719 3832
1 2860 3554
1 2926 3464
1 3015 3364
1 3076 3302
1 3237 3145
1 3322 3077
1 3462 2972
1 3653 2860
1 3757 2806
1 4021 2690
1 4151 2648
1 4213 2632
1 4363 2599
1 4511 2576
1 4652 2564
1 4790 2558
1 2489 4838
1 2496 4734
1 2519 4567
1 2539 4461
1 2571 4313
1 2620 4122
1 2687 3910
1 2738 3791
1 2852 3568
1 2902 3495
1 3141 3238
1 4101 2663
1 4733 2560
1 4825 2557
