1 1889 3503
1 3131 1849
1 2277 2247
1 2004 2786
1 2640 1955
1 1911 3207
1 2099 2555
1 2452 2068
1 2858 1887
1 1899 3285
1 1947 3000
1 2039 2688
1 2219 2335
1 2346 2170
1 2579 1989
1 2774 1908
1 2970 1869
1 1894 3363
1 1903 3257
1 1930 3092
1 1974 2891
1 2016 2749
1 2053 2654
1 2138 2482
1 2233 2312
1 2305 2212
1 2394 2121
1 2495 2040
1 2610 1971
1 2683 1937
1 2787 1904
1 2899 1880
1 3000 1865
1 1891 3438
1 1897 3315
1 1923 3134
1 1962 2938
1 1985 2852
1 2030 2710
1 2073 2610
1 2195 2378
1 2264 2266
1 2429 2088
1 2471 2055
1 2546 2009
1 2658 1947
1 2736 1920
1 2828 1894
1 2943 1873
1 3065 1857
1 1890 3468
1 1892 3412
1 2001 2796
1 2156 2449
