1 1958 3068
1 3575 1682
1 2321 2111
1 2057 2455
1 2933 1786
1 1982 2785
1 2174 2250
1 2632 1910
1 3286 1702
1 1964 2936
1 2024 2572
1 2119 2328
1 2232 2191
1 2435 2027
1 2728 1862
1 3059 1746
1 3451 1685
1 1961 2991
1 1971 2874
1 2005 2662
1 2033 2536
1 2070 2421
1 2153 2278
1 2208 2214
1 2288 2140
1 2392 2057
1 2555 1954
1 2683 1883
1 2832 1821
1 2983 1769
1 3164 1724
1 3371 1691
1 3521 1683
1 1960 3014
1 1963 2948
1 1968 2900
1 1988 2750
1 2012 2627
1 2054 2464
1 2083 2396
1 2367 2076
1 2497 1989
1 2593 1932
1 2786 1839
1 2898 1798
1 3037 1752
1 3123 1732
1 3221 1713
1 3346 1694
1 3483 1684
1 1999 2693
1 2044 2498
1 2545 1960
1 3055 1747
1 3274 1704
