1 1452 2790
1 2604 1469
1 1736 1836
1 1515 2261
1 2198 1543
1 1458 2623
1 1583 2079
1 1904 1682
1 2357 1495
1 1453 2740
1 1485 2415
1 1553 2146
1 1660 1940
1 1821 1746
1 1998 1631
1 2276 1513
1 2484 1475
1 1455 2688
1 1466 2558
1 1502 2313
1 1531 2209
1 1557 2136
1 1607 2033
1 1713 1864
1 1803 1763
1 1863 1712
1 1968 1646
1 2073 1597
1 2233 1529
1 2401 1487
1 2524 1472
1 1471 2520
1 1495 2352
1 1506 2296
1 1652 1953
1 1752 1818
1 1838 1732
1 1894 1689
1 1934 1665
1 2055 1605
1 2139 1568
1 2567 1470
1 1505 2300
1 1626 1999
1 1911 1678
