Grid graph
 225 nodes
 420 arcs
 1 2 50 62
 1 16 40 35
 2 3 55 41
 2 17 51 60
 3 4 8 10
 3 18 7 8
 4 5 42 31
 4 19 44 34
 5 6 27 36
 5 20 57 49
 6 7 4 4
 6 21 34 26
 7 8 56 57
 7 22 66 60
 8 9 54 75
 8 23 22 16
 9 10 56 52
 9 24 32 30
 10 11 67 54
 10 25 71 51
 11 12 31 22
 11 26 45 56
 12 13 5 6
 12 27 68 65
 13 14 67 65
 13 28 4 5
 14 15 16 22
 14 29 51 60
 15 30 55 60
 16 17 11 12
 16 31 50 70
 17 18 33 36
 17 32 42 42
 18 19 19 18
 18 33 47 50
 19 20 5 6
 19 34 7 7
 20 21 7 6
 20 35 4 4
 21 22 20 23
 21 36 8 9
 22 23 28 24
 22 37 15 11
 23 24 17 21
 23 38 47 45
 24 25 12 10
 24 39 52 40
 25 26 35 36
 25 40 30 23
 26 27 3 3
 26 41 71 50
 27 28 30 25
 27 42 57 80
 28 29 42 40
 28 43 67 60
 29 30 17 13
 29 44 5 4
 30 45 10 10
 31 32 3 4
 31 46 39 30
 32 33 15 18
 32 47 19 24
 33 34 26 26
 33 48 45 48
 34 35 66 49
 34 49 33 25
 35 36 60 50
 35 50 18 22
 36 37 40 53
 36 51 25 19
 37 38 2 1
 37 52 45 40
 38 39 66 65
 38 53 45 45
 39 40 57 78
 39 54 47 38
 40 41 42 48
 40 55 11 13
 41 42 11 12
 41 56 61 52
 42 43 74 63
 42 57 4 4
 43 44 67 57
 43 58 0 0
 44 45 5 3
 44 59 34 49
 45 60 61 61
 46 47 53 44
 46 61 44 53
 47 48 1 1
 47 62 46 51
 48 49 51 71
 48 63 12 16
 49 50 21 21
 49 64 74 57
 50 51 15 11
 50 65 5 4
 51 52 25 34
 51 66 25 34
 52 53 30 30
 52 67 57 47
 53 54 58 65
 53 68 47 44
 54 55 33 29
 54 69 60 65
 55 56 31 38
 55 70 43 32
 56 57 2 2
 56 71 19 21
 57 58 64 53
 57 72 29 32
 58 59 2 3
 58 73 37 26
 59 60 18 23
 59 74 18 23
 60 75 11 12
 61 62 40 31
 61 76 59 77
 62 63 65 71
 62 77 19 19
 63 64 23 29
 63 78 31 34
 64 65 29 39
 64 79 2 3
 65 66 28 28
 65 80 13 14
 66 67 30 29
 66 81 75 56
 67 68 45 52
 67 82 27 30
 68 69 36 29
 68 83 28 30
 69 70 45 49
 69 84 51 63
 70 71 37 27
 70 85 11 9
 71 72 48 34
 71 86 6 9
 72 73 50 43
 72 87 16 22
 73 74 17 13
 73 88 17 15
 74 75 57 42
 74 89 61 66
 75 90 2 2
 76 77 11 10
 76 91 12 12
 77 78 3 3
 77 92 25 21
 78 79 56 69
 78 93 8 9
 79 80 57 54
 79 94 58 72
 80 81 11 11
 80 95 55 56
 81 82 38 43
 81 96 54 77
 82 83 67 69
 82 97 61 62
 83 84 10 7
 83 98 13 14
 84 85 7 5
 84 99 57 62
 85 86 65 64
 85 100 60 75
 86 87 50 64
 86 101 3 5
 87 88 51 48
 87 102 37 32
 88 89 12 15
 88 103 1 1
 89 90 65 71
 89 104 62 47
 90 105 80 58
 91 92 60 53
 91 106 29 40
 92 93 61 64
 92 107 51 63
 93 94 6 7
 93 108 45 60
 94 95 34 27
 94 109 8 11
 95 96 75 63
 95 110 1 1
 96 97 15 20
 96 111 1 1
 97 98 14 12
 97 112 50 46
 98 99 44 61
 98 113 58 78
 99 100 60 66
 99 114 38 48
 100 101 49 43
 100 115 69 64
 101 102 13 17
 101 116 0 0
 102 103 25 21
 102 117 53 45
 103 104 43 43
 103 118 30 35
 104 105 17 24
 104 119 61 74
 105 120 38 45
 106 107 68 65
 106 121 46 65
 107 108 11 8
 107 122 14 15
 108 109 41 38
 108 123 54 50
 109 110 76 64
 109 124 49 61
 110 111 3 3
 110 125 62 61
 111 112 69 71
 111 126 44 41
 112 113 10 8
 112 127 24 31
 113 114 40 42
 113 128 26 34
 114 115 63 73
 114 129 62 52
 115 116 36 28
 115 130 15 11
 116 117 34 47
 116 131 2 2
 117 118 32 39
 117 132 45 56
 118 119 32 43
 118 133 56 40
 119 120 41 42
 119 134 46 40
 120 135 56 57
 121 122 37 38
 121 136 14 19
 122 123 30 38
 122 137 30 36
 123 124 3 3
 123 138 15 17
 124 125 80 56
 124 139 23 29
 125 126 45 61
 125 140 71 54
 126 127 19 17
 126 141 60 50
 127 128 47 52
 127 142 52 64
 128 129 5 8
 128 143 6 6
 129 130 20 17
 129 144 59 43
 130 131 18 19
 130 145 66 72
 131 132 14 13
 131 146 11 9
 132 133 49 60
 132 147 49 37
 133 134 15 16
 133 148 9 7
 134 135 43 45
 134 149 11 9
 135 150 35 28
 136 137 62 77
 136 151 51 49
 137 138 54 38
 137 152 22 24
 138 139 45 36
 138 153 40 39
 139 140 52 62
 139 154 40 47
 140 141 38 52
 140 155 57 41
 141 142 47 63
 141 156 41 33
 142 143 8 8
 142 157 38 29
 143 144 40 46
 143 158 8 8
 144 145 9 7
 144 159 3 5
 145 146 22 19
 145 160 14 20
 146 147 22 28
 146 161 16 15
 147 148 64 52
 147 162 28 35
 148 149 61 48
 148 163 21 23
 149 150 15 12
 149 164 55 63
 150 165 20 20
 151 152 27 27
 151 166 65 68
 152 153 10 11
 152 167 49 51
 153 154 37 51
 153 168 18 15
 154 155 30 30
 154 169 45 37
 155 156 0 0
 155 170 58 79
 156 157 62 54
 156 171 5 5
 157 158 51 70
 157 172 27 24
 158 159 22 30
 158 173 59 71
 159 160 38 43
 159 174 64 45
 160 161 42 58
 160 175 43 57
 161 162 29 24
 161 176 24 34
 162 163 53 46
 162 177 61 44
 163 164 31 26
 163 178 32 30
 164 165 61 65
 164 179 23 29
 165 180 25 27
 166 167 11 8
 166 181 52 61
 167 168 35 25
 167 182 5 5
 168 169 43 39
 168 183 36 43
 169 170 49 46
 169 184 38 51
 170 171 61 55
 170 185 11 10
 171 172 40 29
 171 186 55 60
 172 173 54 39
 172 187 77 61
 173 174 61 67
 173 188 33 26
 174 175 8 9
 174 189 12 10
 175 176 52 62
 175 190 31 24
 176 177 19 21
 176 191 41 31
 177 178 66 62
 177 192 3 3
 178 179 53 52
 178 193 56 43
 179 180 57 42
 179 194 10 12
 180 195 67 70
 181 182 19 28
 181 196 27 27
 182 183 30 35
 182 197 24 30
 183 184 54 60
 183 198 53 56
 184 185 65 66
 184 199 27 36
 185 186 49 45
 185 200 59 63
 186 187 12 11
 186 201 58 77
 187 188 35 39
 187 202 15 12
 188 189 17 18
 188 203 20 15
 189 190 66 53
 189 204 40 53
 190 191 36 28
 190 205 19 18
 191 192 42 44
 191 206 7 5
 192 193 10 12
 192 207 21 17
 193 194 17 21
 193 208 32 29
 194 195 7 7
 194 209 32 27
 195 210 9 8
 196 197 13 17
 196 211 4 3
 197 198 1 1
 197 212 41 57
 198 199 40 42
 198 213 53 66
 199 200 27 34
 199 214 44 62
 200 201 35 36
 200 215 41 44
 201 202 68 71
 201 216 4 4
 202 203 40 52
 202 217 52 48
 203 204 51 63
 203 218 7 6
 204 205 35 49
 204 219 2 2
 205 206 35 47
 205 220 24 34
 206 207 7 6
 206 221 56 52
 207 208 51 36
 207 222 14 15
 208 209 57 46
 208 223 68 70
 209 210 51 36
 209 224 12 15
 210 225 17 22
 211 212 41 41
 212 213 26 23
 213 214 59 72
 214 215 39 42
 215 216 50 67
 216 217 28 20
 217 218 25 25
 218 219 26 30
 219 220 76 63
 220 221 48 50
 221 222 12 10
 222 223 46 47
 223 224 42 53
 224 225 7 7
