1 2007 3855
1 3847 2273
1 2502 2655
1 2146 3136
1 3021 2365
1 2055 3455
1 2302 2860
1 2725 2496
1 3332 2299
1 2012 3715
1 2099 3280
1 2218 2987
1 2382 2766
1 2616 2561
1 2929 2398
1 3233 2315
1 3534 2282
1 2010 3753
1 2030 3591
1 2066 3402
1 2123 3200
1 2177 3067
1 2259 2921
1 2321 2836
1 2462 2691
1 2564 2602
1 2666 2529
1 2821 2448
1 2989 2375
1 3087 2347
1 3286 2305
1 3422 2290
1 3648 2278
1 2009 3786
1 2011 3725
1 2019 3658
1 2032 3579
1 2084 3334
1 2133 3171
1 2158 3109
1 2192 3036
1 2248 2938
1 2291 2875
1 2353 2799
1 2408 2741
1 2551 2613
1 2600 2573
1 2656 2535
1 2759 2478
1 2846 2436
1 3158 2331
1 3274 2307
1 3301 2303
1 3388 2293
1 3499 2284
1 3558 2281
1 3794 2274
1 2044 3514
1 2072 3379
1 2143 3144
1 2751 2482
1 3617 2279
1 3718 2276
