1 1871 3483
1 3765 1635
1 2335 2107
1 1978 2774
1 2921 1761
1 1915 3030
1 2124 2425
1 2647 1891
1 3219 1684
1 1877 3352
1 1938 2921
1 2039 2616
1 2254 2218
1 2463 2005
1 2729 1848
1 3105 1707
1 3424 1657
1 1873 3420
1 1900 3140
1 1920 2998
1 1961 2833
1 2001 2711
1 2103 2469
1 2204 2295
1 2303 2150
1 2368 2077
1 2512 1973
1 2688 1869
1 2876 1779
1 3034 1726
1 3159 1696
1 3313 1671
1 3587 1644
1 1874 3401
1 1892 3210
1 1905 3101
1 1948 2881
1 2025 2650
1 2074 2535
1 2176 2340
1 2323 2123
1 2349 2094
1 2402 2050
1 2479 1994
1 2577 1933
1 2805 1812
1 2904 1767
1 2978 1743
1 3240 1681
1 3351 1666
1 3511 1650
1 3724 1636
1 1886 3266
1 1912 3050
1 2144 2392
1 2359 2085
1 2456 2010
1 3651 1640
1 3705 1637
