1 2516 4495
1 4865 2425
1 3213 2939
1 2714 3685
1 3850 2589
1 2546 4200
1 2965 3232
1 3487 2740
1 4388 2459
1 2527 4322
1 2642 3858
1 2825 3461
1 3105 3047
1 3414 2784
1 3603 2683
1 4169 2501
1 4628 2434
1 2521 4388
1 2540 4230
1 2603 3989
1 2671 3783
1 2751 3603
1 2885 3357
1 3043 3126
1 3146 3003
1 3274 2887
1 3441 2767
1 3572 2696
1 3757 2620
1 3995 2546
1 4305 2474
1 4504 2444
1 4736 2428
1 2519 4420
1 2537 4250
1 2578 4079
1 2629 3898
1 2662 3806
1 2691 3737
1 2768 3569
1 2867 3388
1 2925 3293
1 3004 3178
1 3085 3071
1 3125 3025
1 3194 2956
1 3268 2892
1 3291 2874
1 3466 2752
1 3504 2731
1 3712 2638
1 3945 2560
1 4078 2524
1 4228 2489
1 4382 2460
1 4432 2452
1 4539 2441
1 4717 2429
1 4765 2427
1 2518 4442
1 2562 4139
1 2584 4057
1 2804 3500
1 2833 3447
1 2913 3312
1 2940 3270
1 2985 3204
1 3068 3093
1 3155 2994
1 3336 2841
1 3668 2656
1 3876 2581
1 4017 2540
1 4125 2512
1 4810 2426
