1 1681 3100
1 3049 1706
1 2060 2039
1 1781 2488
1 2455 1787
1 1689 2933
1 1911 2235
1 2257 1877
1 2676 1734
1 1682 3031
1 1745 2638
1 1861 2325
1 1972 2141
1 2165 1943
1 2369 1819
1 2599 1746
1 2845 1714
1 1685 2980
1 1703 2854
1 1758 2580
1 1801 2444
1 1886 2278
1 1934 2198
1 2025 2075
1 2103 1998
1 2209 1909
1 2309 1849
1 2412 1802
1 2572 1753
1 2618 1742
1 2774 1721
1 2923 1709
1 1684 2994
1 1697 2886
1 1726 2734
1 1750 2615
1 1772 2522
1 1788 2471
1 1840 2366
1 1875 2298
1 2013 2089
1 2085 2015
1 2131 1973
1 2186 1926
1 2223 1899
1 2292 1858
1 2503 1773
1 2751 1724
1 2976 1707
1 1715 2791
1 1736 2683
1 1778 2498
1 2176 1934
