1 2686 4843
1 4904 2787
1 3327 3294
1 2868 3959
1 4054 2921
1 2741 4393
1 3023 3676
1 3668 3077
1 4389 2836
1 2689 4708
1 2789 4193
1 2954 3786
1 3199 3438
1 3479 3181
1 3832 3002
1 4236 2865
1 4612 2807
1 2688 4724
1 2702 4608
1 2764 4291
1 2822 4085
1 2893 3907
1 2976 3749
1 3111 3555
1 3222 3410
1 3369 3257
1 3541 3145
1 3756 3035
1 3939 2960
1 4174 2883
1 4305 2850
1 4497 2821
1 4801 2792
1 2687 4780
1 2698 4637
1 2718 4513
1 2753 4339
1 2778 4233
1 2798 4163
1 2850 4004
1 2938 3817
1 2983 3738
1 3058 3627
1 3177 3467
1 3217 3416
1 3315 3306
1 3349 3274
1 3402 3233
1 3514 3160
1 3587 3120
1 3717 3053
1 3803 3014
1 3877 2984
1 3979 2946
1 4135 2895
1 4266 2858
1 4321 2847
1 4415 2832
1 4592 2809
1 4665 2802
1 4845 2789
1 2692 4684
1 2712 4548
1 2726 4469
1 2837 4041
1 3042 3649
1 3080 3597
1 3272 3354
1 3465 3190
1 3649 3087
1 3895 2977
1 4300 2851
1 4358 2841
1 4452 2827
1 4528 2817
1 4729 2797
1 3230 3401
1 4703 2799
