1 3600 6293
1 6319 3395
1 4431 4159
1 3904 4932
1 5280 3592
1 3687 5636
1 4101 4557
1 4821 3825
1 5772 3454
1 3634 5924
1 3790 5262
1 3991 4736
1 4228 4386
1 4646 3959
1 4979 3731
1 5539 3504
1 6099 3406
1 3613 6106
1 3647 5831
1 3724 5487
1 3873 5014
1 3946 4829
1 4031 4669
1 4188 4437
1 4366 4229
1 4545 4048
1 4758 3870
1 4931 3756
1 5111 3665
1 5389 3551
1 5663 3476
1 5946 3424
1 6160 3402
1 3606 6186
1 3617 6066
1 3644 5850
1 3664 5744
1 3696 5597
1 3760 5361
1 3811 5196
1 3884 4984
1 3922 4887
1 3964 4790
1 4004 4713
1 4073 4601
1 4136 4508
1 4202 4419
1 4275 4331
1 4403 4189
1 4467 4122
1 4584 4013
1 4686 3926
1 4786 3849
1 4845 3809
1 4942 3750
1 5191 3629
1 5326 3574
1 5486 3520
1 5603 3489
1 5697 3469
1 5809 3447
1 5968 3421
1 6221 3399
1 3602 6252
1 3609 6150
1 3629 5964
1 3638 5894
1 3683 5654
1 3692 5614
1 3709 5545
1 3782 5288
1 3802 5224
1 3837 5119
1 3877 5003
1 3980 4757
1 4060 4622
1 4163 4471
1 4238 4374
1 4308 4294
1 4496 4094
1 4555 4039
1 4609 3991
1 4664 3944
1 4723 3897
1 4908 3770
1 5124 3659
1 5227 3614
1 5358 3562
1 5407 3545
1 5573 3496
1 5886 3434
1 6029 3414
1 6294 3396
1 3604 6217
1 3669 5720
1 3721 5498
1 3735 5448
1 3745 5413
1 3810 5199
1 3851 5078
1 4530 4062
