1 2111 3554
1 3766 1749
1 2535 2320
1 2226 2865
1 3156 1851
1 2141 3214
1 2360 2557
1 2846 2042
1 3404 1771
1 2115 3416
1 2166 3076
1 2327 2619
1 2444 2435
1 2688 2167
1 3011 1928
1 3292 1799
1 3588 1757
1 2112 3477
1 2123 3332
1 2156 3129
1 2195 2961
1 2263 2770
1 2332 2608
1 2436 2446
1 2481 2386
1 2769 2101
1 2956 1962
1 3039 1912
1 3243 1816
1 3371 1777
1 3460 1766
1 3698 1751
1 2114 3431
1 2129 3288
1 2178 3027
1 2215 2898
1 2242 2822
1 2315 2647
1 2331 2610
1 2401 2497
1 2516 2343
1 2608 2244
1 2635 2217
1 2734 2129
1 2812 2068
1 2900 2002
1 2977 1949
1 3121 1869
1 3167 1846
1 3259 1810
1 3337 1786
1 3514 1762
1 3659 1753
1 3722 1750
1 2139 3226
1 2293 2699
1 2388 2516
1 2559 2295
1 2878 2018
1 3197 1834
1 3348 1783
1 3557 1759
