1 1808 3179
1 3262 1619
1 2170 2018
1 1921 2482
1 2635 1734
1 1827 2868
1 2036 2199
1 2381 1855
1 2893 1666
1 1815 2982
1 1875 2644
1 1959 2371
1 2106 2097
1 2244 1952
1 2490 1794
1 2745 1700
1 3165 1623
1 1811 3055
1 1820 2928
1 1850 2755
1 1894 2572
1 1940 2423
1 1997 2282
1 2077 2138
1 2146 2044
1 2201 1988
1 2273 1930
1 2461 1809
1 2579 1755
1 2711 1710
1 2842 1676
1 3055 1638
1 3209 1620
1 1809 3134
1 1813 3017
1 1823 2901
1 1837 2817
1 1866 2683
1 1888 2594
1 1904 2537
1 1937 2432
1 1973 2337
1 2017 2239
1 2051 2176
1 2095 2112
1 2129 2066
1 2303 1909
1 2406 1840
1 2486 1796
1 2501 1789
1 2816 1682
1 2990 1649
1 3106 1631
1 1833 2837
1 1847 2769
1 1857 2723
1 1877 2636
1 2045 2185
1 2565 1761
1 2944 1657
