1 1124 2087
1 2352 1092
1 1424 1420
1 1211 1698
1 1881 1177
1 1136 1959
1 1301 1542
1 1707 1244
1 2121 1113
1 1125 2020
1 1160 1857
1 1245 1630
1 1371 1465
1 1502 1363
1 1749 1226
1 1968 1147
1 2247 1098
1 1130 1989
1 1152 1890
1 1182 1782
1 1283 1570
1 1357 1480
1 1379 1458
1 1469 1387
1 1576 1317
1 1711 1242
1 1812 1202
1 1961 1149
1 2056 1125
1 2166 1106
1 2275 1096
1 1158 1865
1 1179 1792
1 1318 1523
1 1621 1291
1 2030 1131
1 2072 1122
1 2215 1101
1 2258 1097
1 2331 1093
1 1595 1306
1 1674 1262
1 1998 1139
