1 1386 2509
1 2903 1304
1 1819 1683
1 1504 2069
1 2453 1358
1 1409 2308
1 1630 1869
1 2114 1506
1 2622 1322
1 1390 2429
1 1457 2162
1 1598 1915
1 1721 1770
1 1966 1587
1 2336 1402
1 2521 1342
1 2798 1307
1 1387 2479
1 1396 2387
1 1419 2273
1 1462 2150
1 1548 1996
1 1620 1882
1 1674 1819
1 1768 1726
1 1873 1644
1 2025 1552
1 2207 1460
1 2422 1369
1 2568 1332
1 2662 1318
1 2828 1306
1 1443 2200
1 1580 1944
1 1692 1800
1 1754 1739
1 1808 1692
1 1890 1633
1 1991 1572
1 2166 1480
1 2267 1433
1 2640 1320
1 2746 1311
1 1719 1772
