1 1406 2867
1 3040 1612
1 1905 2015
1 1528 2451
1 2526 1690
1 1437 2668
1 1656 2265
1 2216 1827
1 2743 1629
1 1413 2769
1 1475 2561
1 1580 2372
1 1796 2113
1 2057 1915
1 2402 1738
1 2675 1641
1 2873 1619
1 1411 2788
1 1428 2699
1 1447 2638
1 1503 2496
1 1534 2441
1 1603 2339
1 1715 2199
1 1844 2067
1 1954 1982
1 2178 1847
1 2277 1796
1 2453 1718
1 2601 1665
1 2696 1637
1 2827 1622
1 2962 1615
1 1408 2832
1 1418 2744
1 1771 2139
1 1820 2089
1 1892 2025
1 1933 1996
1 2023 1937
1 2128 1875
1 2362 1756
1 2505 1698
1 3011 1613
1 2169 1852
1 2313 1779
