1 2096 4336
1 4405 2256
1 2708 2874
1 2255 3533
1 3361 2467
1 2170 3849
1 2460 3165
1 2981 2667
1 3940 2308
1 2113 4175
1 2215 3663
1 2329 3369
1 2606 2976
1 2885 2737
1 3177 2552
1 3561 2406
1 4152 2274
1 2107 4221
1 2149 3961
1 2198 3728
1 2240 3574
1 2285 3463
1 2406 3245
1 2551 3042
1 2637 2941
1 2818 2788
1 2943 2694
1 3072 2611
1 3247 2518
1 3469 2433
1 3772 2349
1 4017 2295
1 4343 2259
1 2099 4304
1 2127 4089
1 2162 3890
1 2188 3771
1 2231 3606
1 2242 3568
1 2320 3387
1 2374 3295
1 2424 3218
1 2480 3136
1 2569 3020
1 2681 2899
1 2778 2819
1 2975 2671
1 3015 2646
1 3108 2590
1 3348 2472
1 3385 2459
1 3489 2427
1 3642 2384
1 3891 2319
1 3986 2300
1 4099 2282
1 4273 2264
1 2134 4048
1 2302 3426
1 2471 3149
1 2525 3076
1 3166 2558
1 3286 2500
1 3456 2437
1 3705 2367
1 3811 2339
1 3916 2313
1 4212 2269
1 3319 2485
