1 3545 6282
1 6581 3411
1 4497 4140
1 3770 5214
1 5471 3566
1 3630 5660
1 4143 4535
1 4899 3844
1 5936 3456
1 3569 5991
1 3683 5453
1 3890 4958
1 4302 4341
1 4687 3982
1 5254 3655
1 5636 3514
1 6277 3423
1 3552 6147
1 3590 5866
1 3653 5558
1 3744 5277
1 3852 5035
1 4033 4709
1 4198 4461
1 4382 4256
1 4613 4039
1 4796 3908
1 4989 3792
1 5371 3604
1 5550 3540
1 5787 3481
1 6083 3440
1 6366 3418
1 3547 6209
1 3563 6041
1 3586 5888
1 3618 5720
1 3649 5574
1 3669 5501
1 3707 5381
1 3754 5252
1 3816 5113
1 3870 4998
1 3976 4805
1 4101 4599
1 4170 4498
1 4244 4406
1 4353 4286
1 4419 4218
1 4564 4080
1 4658 4004
1 4770 3925
1 4850 3873
1 4969 3803
1 5134 3716
1 5359 3609
1 5415 3587
1 5525 3548
1 5605 3523
1 5720 3495
1 5844 3471
1 5996 3449
1 6181 3431
1 6312 3421
1 6506 3413
1 3546 6245
1 3557 6098
1 3573 5966
1 3607 5777
1 3734 5305
1 3795 5159
1 3827 5089
1 3914 4915
1 4005 4756
1 4077 4637
1 4233 4419
1 4285 4360
1 4312 4330
1 4526 4114
1 4735 3949
1 4877 3857
1 5042 3764
1 5222 3671
1 5327 3623
1 5394 3595
1 5566 3535
1 5711 3497
1 6137 3435
1 6445 3415
1 6537 3412
1 3593 5850
1 3959 4835
1 3989 4783
1 4050 4681
1 5084 3742
1 5177 3694
1 6392 3417
