1 2310 4735
1 4348 2287
1 2948 3023
1 2556 3669
1 3468 2541
1 2357 4338
1 2711 3340
1 3235 2724
1 3995 2327
1 2317 4584
1 2435 4038
1 2607 3544
1 2792 3222
1 3094 2865
1 3360 2614
1 3721 2424
1 4151 2296
1 2311 4660
1 2346 4389
1 2390 4202
1 2506 3812
1 2570 3632
1 2639 3478
1 2732 3308
1 2855 3139
1 3018 2945
1 3193 2764
1 3272 2690
1 3425 2567
1 3553 2498
1 3845 2377
1 4103 2305
1 4220 2290
1 2314 4614
1 2327 4509
1 2368 4291
1 2415 4108
1 2462 3949
1 2523 3762
1 2590 3584
1 2638 3480
1 2683 3392
1 2768 3256
1 2816 3190
1 2877 3111
1 3008 2956
1 3072 2888
1 3163 2794
1 3260 2701
1 3317 2651
1 3391 2591
1 3431 2563
1 3505 2522
1 3603 2475
1 3771 2404
1 3965 2336
1 4034 2319
1 4182 2293
1 4305 2288
1 2313 4627
1 2337 4445
1 2378 4250
1 2411 4123
1 2479 3896
1 2510 3800
1 2543 3705
1 2662 3433
1 2703 3354
1 2787 3229
1 2906 3075
1 3127 2831
1 3369 2607
1 3674 2444
1 3912 2354
1 2312 4643
