Grid graph
 225 nodes
 420 arcs
 1 2 13 11
 1 16 28 33
 2 3 56 56
 2 17 33 31
 3 4 33 26
 3 18 25 29
 4 5 35 37
 4 19 6 5
 5 6 43 58
 5 20 21 21
 6 7 56 54
 6 21 62 71
 7 8 50 42
 7 22 25 34
 8 9 8 8
 8 23 37 32
 9 10 47 67
 9 24 5 5
 10 11 28 23
 10 25 43 61
 11 12 75 59
 11 26 25 21
 12 13 20 29
 12 27 37 31
 13 14 73 52
 13 28 24 25
 14 15 4 5
 14 29 49 37
 15 30 59 55
 16 17 52 71
 16 31 15 17
 17 18 44 38
 17 32 2 2
 18 19 12 10
 18 33 59 80
 19 20 52 43
 19 34 51 37
 20 21 70 52
 20 35 20 19
 21 22 22 31
 21 36 31 23
 22 23 40 34
 22 37 15 15
 23 24 74 58
 23 38 63 47
 24 25 29 37
 24 39 48 41
 25 26 42 41
 25 40 13 16
 26 27 27 35
 26 41 49 62
 27 28 14 19
 27 42 73 60
 28 29 35 26
 28 43 16 17
 29 30 11 16
 29 44 70 60
 30 45 35 47
 31 32 45 47
 31 46 23 19
 32 33 13 17
 32 47 35 43
 33 34 44 47
 33 48 36 46
 34 35 12 14
 34 49 49 65
 35 36 36 32
 35 50 1 1
 36 37 45 47
 36 51 36 35
 37 38 15 17
 37 52 48 61
 38 39 29 41
 38 53 32 44
 39 40 33 30
 39 54 51 42
 40 41 6 7
 40 55 42 60
 41 42 39 42
 41 56 60 78
 42 43 44 45
 42 57 33 28
 43 44 25 21
 43 58 59 79
 44 45 8 5
 44 59 60 70
 45 60 39 34
 46 47 41 48
 46 61 24 24
 47 48 50 70
 47 62 22 19
 48 49 40 31
 48 63 2 2
 49 50 60 78
 49 64 7 8
 50 51 24 32
 50 65 44 33
 51 52 35 27
 51 66 31 27
 52 53 26 34
 52 67 45 60
 53 54 35 47
 53 68 74 56
 54 55 4 5
 54 69 18 18
 55 56 13 12
 55 70 71 62
 56 57 39 33
 56 71 43 51
 57 58 42 44
 57 72 62 51
 58 59 33 30
 58 73 47 38
 59 60 19 15
 59 74 27 33
 60 75 57 80
 61 62 25 25
 61 76 28 32
 62 63 20 15
 62 77 47 47
 63 64 49 39
 63 78 2 2
 64 65 73 59
 64 79 11 9
 65 66 66 50
 65 80 37 33
 66 67 62 62
 66 81 49 41
 67 68 48 60
 67 82 32 43
 68 69 58 59
 68 83 22 30
 69 70 37 33
 69 84 1 1
 70 71 20 25
 70 85 10 10
 71 72 44 57
 71 86 10 13
 72 73 48 63
 72 87 10 8
 73 74 56 73
 73 88 63 75
 74 75 25 25
 74 89 39 39
 75 90 63 51
 76 77 4 3
 76 91 49 48
 77 78 54 66
 77 92 9 7
 78 79 1 1
 78 93 28 35
 79 80 40 44
 79 94 11 9
 80 81 15 11
 80 95 21 30
 81 82 22 20
 81 96 25 31
 82 83 6 5
 82 97 53 47
 83 84 7 6
 83 98 1 1
 84 85 32 27
 84 99 62 51
 85 86 22 26
 85 100 65 68
 86 87 1 1
 86 101 69 55
 87 88 2 1
 87 102 52 38
 88 89 15 19
 88 103 53 42
 89 90 9 7
 89 104 63 53
 90 105 52 45
 91 92 31 25
 91 106 56 50
 92 93 64 70
 92 107 33 33
 93 94 22 18
 93 108 10 10
 94 95 32 30
 94 109 10 13
 95 96 54 39
 95 110 5 5
 96 97 57 74
 96 111 39 32
 97 98 45 55
 97 112 54 56
 98 99 39 47
 98 113 18 17
 99 100 58 66
 99 114 29 21
 100 101 53 39
 100 115 1 1
 101 102 19 18
 101 116 31 38
 102 103 41 31
 102 117 20 20
 103 104 42 51
 103 118 33 34
 104 105 56 77
 104 119 70 69
 105 120 12 15
 106 107 20 18
 106 121 37 49
 107 108 17 16
 107 122 4 3
 108 109 23 20
 108 123 23 20
 109 110 47 40
 109 124 25 27
 110 111 36 26
 110 125 26 32
 111 112 14 15
 111 126 77 61
 112 113 6 7
 112 127 71 54
 113 114 16 20
 113 128 56 39
 114 115 33 38
 114 129 38 32
 115 116 67 55
 115 130 57 45
 116 117 13 14
 116 131 23 18
 117 118 35 28
 117 132 49 51
 118 119 74 66
 118 133 67 62
 119 120 25 33
 119 134 10 12
 120 135 37 47
 121 122 52 74
 121 136 44 55
 122 123 50 63
 122 137 1 1
 123 124 77 58
 123 138 40 41
 124 125 57 64
 124 139 49 52
 125 126 20 27
 125 140 33 28
 126 127 59 44
 126 141 14 10
 127 128 74 64
 127 142 30 31
 128 129 41 40
 128 143 45 60
 129 130 27 25
 129 144 22 19
 130 131 50 45
 130 145 26 20
 131 132 75 60
 131 146 36 27
 132 133 9 7
 132 147 24 32
 133 134 4 5
 133 148 0 0
 134 135 3 4
 134 149 40 42
 135 150 9 9
 136 137 39 27
 136 151 28 31
 137 138 53 46
 137 152 64 55
 138 139 62 63
 138 153 66 58
 139 140 71 54
 139 154 31 42
 140 141 3 5
 140 155 29 24
 141 142 56 74
 141 156 53 71
 142 143 36 39
 142 157 44 51
 143 144 2 1
 143 158 54 76
 144 145 38 52
 144 159 23 17
 145 146 51 54
 145 160 41 41
 146 147 40 53
 146 161 45 58
 147 148 62 70
 147 162 57 44
 148 149 25 20
 148 163 12 10
 149 150 41 42
 149 164 28 27
 150 165 67 55
 151 152 14 12
 151 166 27 29
 152 153 75 64
 152 167 57 44
 153 154 59 56
 153 168 40 42
 154 155 34 35
 154 169 3 3
 155 156 46 52
 155 170 54 43
 156 157 8 10
 156 171 68 51
 157 158 55 76
 157 172 35 28
 158 159 11 10
 158 173 13 14
 159 160 52 64
 159 174 57 71
 160 161 29 30
 160 175 5 8
 161 162 2 2
 161 176 27 27
 162 163 51 41
 162 177 51 56
 163 164 67 51
 163 178 24 23
 164 165 32 28
 164 179 61 49
 165 180 5 7
 166 167 58 74
 166 181 29 25
 167 168 42 32
 167 182 39 35
 168 169 16 21
 168 183 27 31
 169 170 13 10
 169 184 29 26
 170 171 22 30
 170 185 33 24
 171 172 33 48
 171 186 6 6
 172 173 13 17
 172 187 36 29
 173 174 51 42
 173 188 34 26
 174 175 61 51
 174 189 37 37
 175 176 38 32
 175 190 50 69
 176 177 6 6
 176 191 27 24
 177 178 64 58
 177 192 58 63
 178 179 51 63
 178 193 3 3
 179 180 71 61
 179 194 59 46
 180 195 23 18
 181 182 44 46
 181 196 11 15
 182 183 21 25
 182 197 33 47
 183 184 75 63
 183 198 55 42
 184 185 50 36
 184 199 4 3
 185 186 57 64
 185 200 35 29
 186 187 52 69
 186 201 62 49
 187 188 23 32
 187 202 15 17
 188 189 22 18
 188 203 48 42
 189 190 23 26
 189 204 44 56
 190 191 15 14
 190 205 55 54
 191 192 30 37
 191 206 57 63
 192 193 17 13
 192 207 20 24
 193 194 49 69
 193 208 34 48
 194 195 14 11
 194 209 30 28
 195 210 12 16
 196 197 57 69
 196 211 49 63
 197 198 5 4
 197 212 25 20
 198 199 2 2
 198 213 42 43
 199 200 65 54
 199 214 8 12
 200 201 39 43
 200 215 66 46
 201 202 80 58
 201 216 61 51
 202 203 52 47
 202 217 55 75
 203 204 37 47
 203 218 43 54
 204 205 25 29
 204 219 51 57
 205 206 7 6
 205 220 51 48
 206 207 12 17
 206 221 44 61
 207 208 67 66
 207 222 10 11
 208 209 48 64
 208 223 28 31
 209 210 52 48
 209 224 63 57
 210 225 41 58
 211 212 35 28
 212 213 52 41
 213 214 57 60
 214 215 66 70
 215 216 63 50
 216 217 52 50
 217 218 2 2
 218 219 61 46
 219 220 9 12
 220 221 36 44
 221 222 4 5
 222 223 33 39
 223 224 36 48
 224 225 53 39
