1 2015 4512
1 4460 2202
1 2732 2928
1 2188 3780
1 3595 2372
1 2056 4207
1 2425 3339
1 3123 2619
1 4031 2236
1 2027 4381
1 2120 3958
1 2333 3498
1 2582 3106
1 2954 2738
1 3337 2488
1 3820 2288
1 4159 2216
1 2017 4464
1 2041 4282
1 2104 4012
1 2168 3827
1 2266 3624
1 2381 3412
1 2530 3177
1 2638 3034
1 2781 2883
1 3001 2703
1 3264 2531
1 3472 2426
1 3674 2340
1 3969 2249
1 4115 2221
1 4233 2211
1 2021 4429
1 2035 4323
1 2046 4256
1 2091 4064
1 2109 3995
1 2146 3887
1 2185 3787
1 2200 3754
1 2295 3569
1 2368 3435
1 2411 3362
1 2487 3243
1 2547 3153
1 2666 3001
1 2762 2900
1 2855 2820
1 2987 2713
1 3086 2644
1 3187 2579
1 3318 2498
1 3412 2453
1 3535 2398
1 3645 2351
1 3725 2321
1 3899 2267
1 3987 2245
1 4070 2229
1 4377 2205
1 2018 4455
1 2065 4170
1 2235 3685
1 2515 3200
1 2708 2954
1 2836 2836
1 2904 2779
1 3021 2689
1 3358 2478
1 3782 2301
1 4302 2208
1 2077 4121
1 4278 2209
1 4255 2210
