1 3105 5621
1 5646 3234
1 3866 3962
1 3378 4584
1 4772 3408
1 3157 5196
1 3570 4280
1 4287 3657
1 5280 3258
1 3125 5376
1 3257 4874
1 3461 4428
1 3697 4130
1 4099 3783
1 4507 3533
1 5000 3326
1 5338 3249
1 3109 5528
1 3141 5262
1 3219 4987
1 3306 4748
1 3437 4469
1 3485 4392
1 3624 4214
1 3775 4050
1 3961 3886
1 4215 3703
1 4430 3574
1 4607 3483
1 4923 3350
1 5070 3307
1 5324 3250
1 5491 3240
1 3106 5580
1 3117 5447
1 3130 5338
1 3177 5126
1 3232 4946
1 3279 4814
1 3337 4676
1 3412 4516
1 3478 4402
1 3525 4339
1 3661 4171
1 3758 4067
1 3830 3996
1 3887 3944
1 4062 3810
1 4187 3722
1 4247 3682
1 4392 3596
1 4475 3550
1 4572 3500
1 4665 3456
1 4852 3377
1 4954 3340
1 5146 3289
1 5453 3242
1 5607 3235
1 3115 5467
1 3139 5275
1 3169 5153
1 3192 5076
1 3248 4899
1 3273 4830
1 3319 4717
1 3352 4642
1 3557 4297
1 3648 4186
1 3688 4140
1 3720 4106
1 3911 3925
1 3998 3858
1 4088 3791
1 4158 3742
1 4330 3632
1 4716 3433
1 5099 3300
1 5215 3273
1 5385 3246
1 5534 3238
1 3205 5033
1 3373 4595
1 5512 3239
