1 3338 6176
1 6451 3153
1 4301 3904
1 3657 4878
1 5313 3329
1 3413 5547
1 3933 4374
1 4769 3562
1 5800 3212
1 3352 5886
1 3491 5289
1 3803 4581
1 4157 4053
1 4468 3763
1 5027 3444
1 5503 3273
1 6155 3169
1 3342 6018
1 3367 5769
1 3463 5373
1 3568 5091
1 3714 4755
1 3859 4488
1 4065 4181
1 4247 3957
1 4415 3806
1 4587 3678
1 4844 3525
1 5202 3372
1 5400 3302
1 5661 3238
1 6018 3183
1 6328 3157
1 3340 6073
1 3348 5922
1 3357 5846
1 3388 5656
1 3431 5483
1 3547 5143
1 3632 4937
1 3696 4793
1 3761 4661
1 3832 4532
1 3884 4449
1 3994 4283
1 4115 4111
1 4211 3995
1 4368 3846
1 4438 3787
1 4518 3727
1 4707 3601
1 4971 3468
1 5131 3401
1 5243 3356
1 5343 3319
1 5476 3280
1 5542 3264
1 5722 3226
1 5957 3191
1 6079 3176
1 6279 3160
1 6397 3154
1 3339 6124
1 3344 5979
1 3374 5731
1 3400 5601
1 3416 5536
1 3449 5421
1 3502 5260
1 3595 5026
1 3672 4845
1 3788 4609
1 3814 4562
1 3910 4409
1 3965 4326
1 4026 4237
1 4138 4079
1 4169 4040
1 4317 3890
1 4395 3823
1 4621 3656
1 4924 3489
1 5068 3427
1 5592 3253
1 5733 3224
1 5882 3201
1 6133 3171
1 6222 3164
1 3385 5672
1 3535 5174
1 4671 3624
