1 2409 3908
1 4130 2161
1 2875 2684
1 2540 3157
1 3486 2277
1 2430 3624
1 2678 2923
1 3106 2484
1 3732 2201
1 2415 3754
1 2493 3318
1 2585 3067
1 2733 2849
1 2959 2601
1 3361 2335
1 3601 2234
1 3926 2173
1 2410 3851
1 2419 3712
1 2467 3433
1 2508 3257
1 2550 3132
1 2664 2944
1 2721 2865
1 2798 2772
1 2949 2610
1 3011 2558
1 3242 2401
1 3442 2296
1 3552 2251
1 3666 2216
1 3829 2184
1 4023 2164
1 2413 3784
1 2416 3743
1 2426 3655
1 2448 3528
1 2484 3357
1 2499 3293
1 2525 3200
1 2567 3099
1 2624 3006
1 2774 2800
1 2825 2741
1 2994 2572
1 3055 2523
1 3181 2437
1 3301 2368
1 3402 2315
1 3455 2290
1 3515 2265
1 3636 2224
1 3700 2208
1 3766 2195
1 3898 2176
1 4007 2165
1 4087 2162
1 2436 3591
1 2574 3086
1 3145 2459
1 3375 2328
1 3872 2179
1 3936 2172
1 3126 2471
