1 1417 3347
1 3085 1812
1 1923 2185
1 1581 2673
1 2594 1897
1 1434 3138
1 1747 2391
1 2143 2072
1 2889 1828
1 1424 3236
1 1484 2954
1 1643 2556
1 1831 2276
1 1995 2137
1 2339 1991
1 2620 1889
1 2954 1821
1 1420 3295
1 1433 3143
1 1468 3006
1 1543 2777
1 1604 2626
1 1679 2495
1 1823 2286
1 1907 2200
1 1958 2158
1 2007 2131
1 2293 2009
1 2497 1931
1 2746 1860
1 3062 1813
1 1423 3250
1 1426 3215
1 1445 3093
1 1502 2898
1 1573 2693
1 1591 2652
1 1727 2421
1 1791 2330
1 1986 2142
1 2069 2104
1 2207 2045
1 2430 1956
1 2527 1920
1 2663 1879
1 2821 1843
1 1455 3055
1 1519 2847
1 1712 2444
1 1778 2348
1 2257 2024
