1 2221 4367
1 4550 2290
1 2989 2890
1 2428 3595
1 3816 2401
1 2278 3998
1 2667 3216
1 3347 2626
1 4158 2320
1 2228 4247
1 2338 3805
1 2564 3363
1 2846 3021
1 3111 2786
1 3627 2481
1 3962 2357
1 4321 2303
1 2225 4291
1 2254 4100
1 2304 3908
1 2374 3712
1 2458 3540
1 2619 3282
1 2762 3108
1 2902 2968
1 3064 2825
1 3250 2688
1 3471 2558
1 3698 2449
1 3853 2387
1 4007 2348
1 4223 2311
1 4461 2293
1 2222 4346
1 2227 4260
1 2239 4176
1 2266 4048
1 2288 3962
1 2313 3880
1 2348 3779
1 2398 3659
1 2448 3558
1 2510 3452
1 2610 3295
1 2631 3265
1 2718 3156
1 2807 3061
1 2875 2993
1 2933 2940
1 3012 2870
1 3095 2799
1 3197 2724
1 3285 2665
1 3421 2584
1 3520 2533
1 3682 2456
1 3777 2416
1 3890 2376
1 4071 2336
1 4259 2308
1 4402 2297
1 4488 2292
1 2243 4155
1 2378 3703
1 2435 3582
1 2491 3484
1 2528 3422
1 2683 3197
1 2852 3015
1 3057 2831
1 3148 2759
1 3359 2619
1 3516 2535
1 3565 2511
1 3943 2362
1 4109 2329
1 4431 2295
1 3412 2589
