1 1893 3366
1 3245 1785
1 2222 2275
1 1982 2738
1 2707 1916
1 1925 2995
1 2097 2467
1 2449 2069
1 2965 1813
1 1902 3192
1 1953 2847
1 2025 2610
1 2182 2327
1 2279 2214
1 2570 1988
1 2868 1846
1 3108 1791
1 1896 3264
1 1909 3112
1 1944 2894
1 1974 2765
1 2002 2673
1 2047 2564
1 2137 2401
1 2230 2266
1 2350 2152
1 2468 2056
1 2642 1948
1 2827 1863
1 2935 1822
1 3014 1802
1 3171 1787
1 1894 3303
1 1916 3060
1 1934 2947
1 1968 2788
1 2022 2618
1 2067 2525
1 2103 2457
1 2246 2249
1 2336 2164
1 2370 2135
1 2591 1976
1 2756 1894
1 2912 1830
1 2982 1809
1 3061 1796
1 3121 1790
1 2425 2089
1 2727 1907
1 2788 1880
1 3028 1800
