1 2683 5648
1 5177 2934
1 3425 3771
1 2849 4692
1 4080 3203
1 2730 5100
1 3159 4101
1 3706 3488
1 4789 2964
1 2691 5438
1 2765 4949
1 2969 4425
1 3281 3941
1 3611 3577
1 3932 3306
1 4402 3072
1 5055 2938
1 2686 5504
1 2721 5152
1 2751 5004
1 2822 4768
1 2905 4557
1 3077 4234
1 3210 4031
1 3346 3861
1 3527 3663
1 3652 3536
1 3805 3406
1 4053 3218
1 4289 3113
1 4603 3013
1 4982 2944
1 5099 2935
1 2684 5575
1 2700 5344
1 2740 5053
1 2758 4974
1 2798 4842
1 2835 4729
1 2868 4645
1 2926 4512
1 3015 4342
1 3116 4170
1 3175 4077
1 3230 4005
1 3298 3920
1 3379 3823
1 3488 3704
1 3563 3626
1 3681 3510
1 3745 3455
1 3878 3348
1 3996 3258
1 4058 3215
1 4163 3166
1 4314 3103
1 4436 3061
1 4732 2978
1 4921 2950
1 5005 2942
1 2685 5536
1 2692 5427
1 2712 5232
1 2746 5026
1 2772 4925
1 2859 4667
1 2888 4597
1 2911 4544
1 2957 4449
1 2989 4388
1 3052 4277
1 3083 4224
1 3144 4125
1 3257 3971
1 3394 3806
1 3456 3738
1 3779 3427
1 3844 3375
1 3969 3278
1 4020 3241
1 4140 3176
1 4238 3134
1 4345 3092
1 4411 3069
1 4525 3035
1 4658 2998
1 4854 2957
1 2902 4564
1 3032 4312
1 4177 3160
1 4501 3042
1 4807 2962
