1 2111 3916
1 3792 2069
1 2477 2647
1 2193 3197
1 3099 2225
1 2132 3517
1 2299 2893
1 2758 2400
1 3454 2107
1 2122 3640
1 2161 3333
1 2249 3018
1 2361 2787
1 2636 2490
1 2903 2317
1 3299 2152
1 3630 2079
1 2112 3852
1 2126 3585
1 2148 3406
1 2174 3272
1 2205 3156
1 2277 2940
1 2329 2837
1 2441 2688
1 2566 2555
1 2700 2440
1 2813 2366
1 3015 2262
1 3181 2192
1 3401 2121
1 3513 2096
1 3695 2073
1 2115 3784
1 2137 3482
1 2152 3382
1 2190 3208
1 2231 3074
1 2298 2895
1 2314 2864
1 2390 2751
1 2519 2602
1 2608 2515
1 2655 2474
1 2717 2428
1 2778 2387
1 2866 2336
1 2941 2298
1 3149 2204
1 3248 2169
1 3327 2143
1 3507 2097
1 3564 2088
1 3738 2071
1 2119 3700
1 2500 2622
1 2676 2458
