1 2413 4418
1 4318 2382
1 2907 2940
1 2529 3548
1 3605 2464
1 2451 3946
1 2707 3195
1 3235 2651
1 3925 2404
1 2430 4121
1 2486 3743
1 2616 3351
1 2783 3089
1 3076 2777
1 3372 2569
1 3767 2425
1 4165 2386
1 2420 4269
1 2438 4048
1 2464 3860
1 2510 3627
1 2579 3428
1 2649 3291
1 2758 3121
1 2828 3033
1 2961 2883
1 3147 2716
1 3306 2606
1 3497 2509
1 3653 2448
1 3807 2418
1 4039 2394
1 4257 2383
1 2416 4342
1 2424 4201
1 2445 3992
1 2463 3866
1 2473 3811
1 2500 3674
1 2524 3565
1 2546 3506
1 2608 3367
1 2629 3326
1 2691 3221
1 2802 3065
1 2887 2963
1 2955 2889
1 2999 2847
1 3117 2741
1 3195 2680
1 3290 2616
1 3359 2576
1 3443 2534
1 3571 2478
1 3645 2450
1 3694 2439
1 3882 2409
1 3979 2399
1 4080 2391
1 4189 2385
1 2415 4365
1 2527 3554
1 2567 3456
1 2848 3009
1 3034 2815
1 3206 2672
1 3396 2557
1 3484 2515
1 3504 2506
1 4220 2384
