1 2887 5749
1 5406 3154
1 3585 3896
1 3147 4684
1 4462 3333
1 2921 5436
1 3336 4244
1 3979 3577
1 4951 3204
1 2892 5625
1 3022 5045
1 3269 4382
1 3452 4055
1 3822 3687
1 4127 3489
1 4657 3269
1 5247 3160
1 2888 5699
1 2908 5493
1 2975 5224
1 3081 4863
1 3194 4562
1 3314 4285
1 3411 4117
1 3510 3980
1 3728 3765
1 3885 3641
1 4072 3518
1 4303 3403
1 4541 3304
1 4814 3232
1 5096 3179
1 5280 3158
1 2889 5679
1 2902 5542
1 2931 5396
1 2996 5143
1 3041 4985
1 3106 4795
1 3170 4624
1 3219 4501
1 3294 4327
1 3377 4173
1 3425 4095
1 3494 4000
1 3532 3954
1 3666 3821
1 3761 3737
1 3860 3659
1 3939 3604
1 4045 3535
1 4173 3466
1 4422 3350
1 4477 3327
1 4635 3275
1 4742 3248
1 4862 3222
1 5020 3192
1 5184 3167
1 5362 3155
1 2944 5345
1 3006 5105
1 3058 4933
1 3092 4833
1 3130 4730
1 3260 4403
1 3276 4366
1 3356 4209
1 3380 4168
1 3416 4109
1 3427 4092
1 3571 3911
1 3604 3878
1 3677 3811
1 3795 3709
1 3898 3632
1 3964 3587
1 4249 3429
1 4352 3381
1 4527 3309
1 4573 3294
1 4693 3260
1 4946 3205
1 4991 3197
1 5124 3175
1 5334 3156
1 2955 5302
1 3078 4872
1 3247 4434
1 3708 3783
1 4214 3446
1 4379 3369
1 4612 3282
