1 2748 5448
1 5040 2828
1 3339 3596
1 2933 4359
1 4033 3048
1 2791 4934
1 3160 3821
1 3669 3267
1 4540 2890
1 2777 5041
1 2844 4670
1 3034 4092
1 3232 3721
1 3479 3445
1 3850 3144
1 4292 2957
1 4787 2850
1 2760 5259
1 2781 4996
1 2816 4796
1 2885 4524
1 2983 4219
1 3106 3927
1 3169 3805
1 3279 3666
1 3441 3483
1 3588 3339
1 3787 3184
1 3918 3106
1 4197 2987
1 4436 2916
1 4660 2868
1 4897 2838
1 2755 5333
1 2767 5165
1 2805 4856
1 2831 4725
1 2868 4584
1 2898 4479
1 2969 4258
1 3016 4136
1 3048 4059
1 3124 3890
1 3213 3745
1 3417 3509
1 3535 3390
1 3641 3290
1 3725 3227
1 3824 3160
1 3882 3125
1 3987 3070
1 4056 3038
1 4228 2977
1 4371 2934
1 4519 2895
1 4613 2876
1 4742 2856
1 4847 2843
1 5000 2830
1 2752 5382
1 2764 5204
1 2771 5115
1 2921 4400
1 2939 4342
1 2994 4191
1 3076 3995
1 3116 3906
1 3193 3772
1 3372 3559
1 3615 3314
1 3649 3283
1 3673 3264
1 3799 3176
1 3832 3155
1 3855 3141
1 4146 3005
1 4309 2952
1 4467 2908
1 4714 2860
1 4771 2852
1 4838 2844
1 4886 2839
1 4932 2835
1 5019 2829
1 4113 3017
1 4673 2866
1 4986 2831
