1 2111 3676
1 4123 2061
1 2657 2470
1 2236 3061
1 3108 2231
1 2137 3336
1 2418 2715
1 2891 2312
1 3676 2107
1 2117 3501
1 2175 3212
1 2307 2906
1 2513 2593
1 2741 2406
1 2954 2280
1 3330 2174
1 3938 2072
1 2114 3566
1 2126 3403
1 2147 3294
1 2184 3187
1 2280 2964
1 2348 2832
1 2495 2613
1 2532 2575
1 2704 2434
1 2857 2332
1 3067 2243
1 3222 2200
1 3484 2142
1 3762 2094
1 4052 2064
1 2112 3636
1 2122 3439
1 2132 3361
1 2141 3317
1 2158 3261
1 2216 3109
1 2260 3008
1 2330 2863
1 2370 2795
1 2455 2665
1 2522 2584
1 2578 2536
1 2784 2378
1 3042 2251
1 3169 2214
1 3290 2183
1 3405 2158
1 3596 2121
1 3735 2098
1 3822 2086
1 4008 2067
1 2169 3229
1 2195 3160
1 2228 3080
1 2428 2701
1 2633 2490
1 3444 2150
1 3536 2132
1 3607 2119
1 3896 2077
1 4037 2065
