1 1784 3549
1 3344 1840
1 2220 2298
1 1916 2831
1 2699 1955
1 1833 3147
1 2049 2515
1 2476 2078
1 3033 1867
1 1791 3411
1 1873 2961
1 1992 2632
1 2128 2405
1 2313 2209
1 2553 2028
1 2862 1902
1 3149 1850
1 1785 3502
1 1806 3303
1 1853 3041
1 1898 2884
1 1949 2741
1 2027 2558
1 2089 2456
1 2186 2336
1 2243 2273
1 2415 2126
1 2528 2042
1 2617 1994
1 2809 1916
1 2968 1880
1 3086 1859
1 3244 1844
1 1787 3465
1 1796 3371
1 1819 3227
1 1848 3067
1 1884 2927
1 1926 2803
1 1975 2674
1 2059 2498
1 2095 2448
1 2280 2239
1 2384 2151
1 2444 2103
1 2509 2055
1 2598 2004
1 2644 1981
1 2773 1928
1 2905 1893
1 3059 1863
1 3187 1847
1 3284 1842
1 1977 2669
1 2324 2200
1 2717 1948
1 2934 1887
1 3173 1848
1 2709 1951
