1 3137 5981
1 5696 3007
1 3870 3837
1 3339 4769
1 4657 3242
1 3178 5437
1 3529 4357
1 4262 3464
1 5125 3093
1 3150 5672
1 3245 5099
1 3407 4591
1 3716 4044
1 4067 3632
1 4432 3357
1 4911 3151
1 5538 3019
1 3141 5832
1 3161 5562
1 3212 5251
1 3294 4914
1 3398 4611
1 3452 4497
1 3650 4151
1 3836 3878
1 3946 3754
1 4142 3563
1 4378 3389
1 4521 3309
1 4732 3212
1 4979 3130
1 5386 3044
1 5587 3013
1 3140 5863
1 3145 5743
1 3152 5646
1 3173 5468
1 3202 5303
1 3228 5176
1 3261 5034
1 3321 4825
1 3370 4685
1 3425 4553
1 3468 4467
1 3597 4240
1 3688 4088
1 3762 3979
1 3934 3767
1 4021 3677
1 4125 3578
1 4206 3510
1 4309 3433
1 4410 3370
1 4459 3342
1 4606 3267
1 4674 3235
1 4831 3177
1 5047 3112
1 5204 3077
1 5486 3027
1 5561 3016
1 5657 3009
1 3138 5938
1 3157 5598
1 3168 5506
1 3192 5358
1 3213 5246
1 3233 5153
1 3273 4990
1 3313 4851
1 3327 4806
1 3484 4438
1 3549 4322
1 3616 4208
1 3659 4136
1 3786 3946
1 3981 3718
1 4044 3654
1 4098 3603
1 4251 3473
1 4340 3413
1 4535 3302
1 4788 3192
1 4855 3169
1 5005 3123
1 5253 3068
1 5415 3039
1 5621 3011
1 3182 5414
1 3281 4961
1 3570 4286
1 5325 3055
1 5468 3030
