1 1878 3715
1 3719 2085
1 2370 2601
1 1991 3112
1 2886 2267
1 1931 3318
1 2120 2885
1 2643 2407
1 3291 2152
1 1899 3530
1 1950 3231
1 2043 3001
1 2255 2717
1 2445 2541
1 2755 2336
1 3024 2223
1 3545 2102
1 1883 3658
1 1911 3449
1 1943 3257
1 1965 3185
1 2021 3047
1 2097 2918
1 2188 2797
1 2307 2661
1 2408 2569
1 2553 2467
1 2704 2368
1 2802 2309
1 2962 2242
1 3240 2164
1 3421 2124
1 3623 2090
1 1880 3686
1 1888 3614
1 1902 3509
1 1921 3383
1 1953 3221
1 1979 3145
1 2080 2944
1 2113 2895
1 2140 2859
1 2236 2739
1 2271 2699
1 2349 2620
1 2396 2579
1 2480 2517
1 2871 2274
1 3014 2226
1 3099 2202
1 3379 2133
1 3493 2111
1 3669 2087
1 1893 3575
1 2869 2275
1 3165 2184
