1 1571 2647
1 2967 1372
1 1875 1737
1 1634 2176
1 2414 1464
1 1579 2398
1 1737 1922
1 2108 1585
1 2589 1411
1 1573 2521
1 1602 2274
1 1695 2012
1 1835 1777
1 1935 1688
1 2230 1531
1 2524 1428
1 2822 1381
1 1572 2580
1 1576 2440
1 1595 2306
1 1611 2245
1 1655 2115
1 1723 1951
1 1782 1853
1 1841 1769
1 1914 1705
1 2033 1626
1 2142 1569
1 2317 1498
1 2474 1444
1 2576 1414
1 2694 1395
1 2916 1373
1 1591 2328
1 1670 2075
1 1827 1788
1 1976 1662
1 2075 1603
1 2179 1553
1 2253 1522
1 2370 1479
1 2663 1399
1 2764 1387
1 2901 1374
1 2719 1392
1 2844 1379
1 2702 1394
