1 2400 4689
1 4710 2407
1 3115 3004
1 2632 3653
1 3848 2539
1 2462 4168
1 2823 3345
1 3447 2727
1 4250 2438
1 2405 4488
1 2509 3985
1 2707 3514
1 2931 3211
1 3241 2886
1 3660 2616
1 4068 2473
1 4384 2421
1 2401 4601
1 2429 4325
1 2487 4064
1 2573 3804
1 2659 3595
1 2757 3436
1 2860 3297
1 3056 3068
1 3172 2948
1 3339 2806
1 3535 2678
1 3735 2583
1 3972 2499
1 4136 2457
1 4341 2426
1 4563 2410
1 2402 4571
1 2417 4400
1 2449 4228
1 2477 4104
1 2544 3883
1 2605 3721
1 2647 3618
1 2679 3561
1 2734 3471
1 2806 3368
1 2848 3312
1 2887 3264
1 2995 3137
1 3084 3037
1 3197 2925
1 3307 2832
1 3381 2774
1 3452 2724
1 3626 2632
1 3795 2559
1 3899 2521
1 4009 2488
1 4113 2462
1 4201 2446
1 4310 2430
1 4540 2411
1 4589 2409
1 2404 4515
1 2414 4421
1 2424 4356
1 2440 4271
1 2471 4129
1 2530 3923
1 2553 3858
1 2576 3796
1 2698 3529
1 2722 3490
1 2777 3408
1 2835 3329
1 2968 3168
1 3002 3129
1 3097 3023
1 3524 2684
1 3592 2649
1 3867 2532
1 4002 2490
1 4461 2416
1 4638 2408
1 2513 3973
1 3025 3103
