1 1867 3990
1 3567 2203
1 2405 2637
1 2031 3239
1 2828 2347
1 1910 3639
1 2218 2876
1 2568 2495
1 3190 2247
1 1874 3871
1 1954 3464
1 2110 3072
1 2302 2763
1 2472 2574
1 2739 2388
1 2967 2303
1 3439 2208
1 1868 3950
1 1882 3806
1 1936 3526
1 1986 3361
1 2059 3173
1 2199 2907
1 2257 2822
1 2358 2693
1 2427 2614
1 2497 2553
1 2653 2440
1 2778 2369
1 2873 2331
1 3087 2270
1 3405 2212
1 3489 2205
1 1897 3712
1 1924 3576
1 1972 3405
1 2002 3316
1 2039 3220
1 2068 3155
1 2177 2947
1 2227 2863
1 2285 2785
1 2336 2720
1 2541 2517
1 2598 2475
1 2690 2417
1 2847 2340
1 2909 2320
1 3156 2254
1 3259 2235
1 3515 2204
1 1892 3743
1 2021 3265
1 2053 3187
1 2126 3042
1 2626 2457
1 3224 2241
1 3354 2220
1 2148 3001
