1 3000 5614
1 5699 2815
1 3603 3771
1 3128 4654
1 4578 3069
1 3025 5137
1 3362 4134
1 4080 3358
1 5101 2887
1 3007 5332
1 3082 4813
1 3219 4425
1 3481 3933
1 3812 3571
1 4369 3178
1 4933 2930
1 5417 2834
1 3002 5481
1 3013 5243
1 3046 4996
1 3093 4765
1 3171 4537
1 3271 4314
1 3426 4023
1 3537 3850
1 3706 3668
1 3955 3452
1 4189 3285
1 4482 3115
1 4712 3013
1 5004 2911
1 5271 2855
1 5542 2821
1 3001 5522
1 3004 5402
1 3009 5300
1 3020 5181
1 3033 5080
1 3056 4943
1 3104 4729
1 3154 4583
1 3197 4474
1 3238 4383
1 3306 4244
1 3371 4118
1 3471 3949
1 3519 3876
1 3577 3801
1 3761 3617
1 3891 3504
1 4012 3408
1 4121 3329
1 4259 3243
1 4438 3139
1 4528 3092
1 4634 3044
1 4834 2966
1 5052 2899
1 5168 2873
1 5340 2844
1 5503 2824
1 5630 2817
1 3012 5257
1 3041 5027
1 3118 4685
1 3187 4498
1 3341 4175
1 3408 4054
1 3446 3990
1 3548 3836
1 3632 3741
1 3663 3710
1 3737 3639
1 3802 3580
1 3855 3534
1 3914 3485
1 4032 3393
1 4164 3301
1 4340 3195
1 4395 3163
1 4447 3134
1 4600 3059
1 4779 2987
1 5124 2882
1 5206 2866
1 5296 2851
1 5562 2820
1 5662 2816
1 3848 3540
1 4058 3374
1 4813 2974
1 5607 2818
