1 2572 4643
1 4677 2367
1 3169 2924
1 2742 3733
1 3769 2565
1 2612 4214
1 2931 3261
1 3374 2744
1 4166 2444
1 2578 4449
1 2653 4029
1 2830 3501
1 3040 3084
1 3264 2828
1 3570 2642
1 3957 2502
1 4414 2399
1 2573 4579
1 2585 4383
1 2626 4144
1 2686 3915
1 2783 3621
1 2924 3275
1 2975 3182
1 3136 2962
1 3218 2872
1 3300 2798
1 3446 2702
1 3680 2598
1 3841 2540
1 4060 2471
1 4328 2413
1 4581 2377
1 2575 4522
1 2599 4290
1 2620 4173
1 2638 4092
1 2672 3962
1 2719 3806
1 2760 3682
1 2818 3531
1 2861 3426
1 2958 3210
1 3019 3114
1 3080 3032
1 3150 2945
1 3254 2837
1 3353 2758
1 3502 2673
1 3611 2625
1 3715 2585
1 3908 2518
1 4023 2482
1 4098 2461
1 4189 2439
1 4356 2408
1 4504 2387
1 4651 2369
1 2577 4473
1 2591 4342
1 2603 4265
1 2702 3862
1 2750 3710
1 2802 3572
1 2891 3354
1 3043 3080
1 3225 2865
1 3496 2676
1 4247 2428
1 4550 2381
1 3073 3041
1 4210 2435
