1 2676 5153
1 4826 3012
1 3237 3726
1 2793 4400
1 4001 3164
1 2717 4691
1 2952 4080
1 3569 3427
1 4482 3040
1 2690 4937
1 2751 4528
1 2859 4247
1 3104 3873
1 3469 3507
1 3844 3250
1 4169 3105
1 4740 3015
1 2679 5086
1 2708 4759
1 2724 4649
1 2782 4429
1 2834 4302
1 2902 4166
1 3038 3958
1 3174 3793
1 3335 3631
1 3500 3481
1 3647 3374
1 3916 3209
1 4117 3120
1 4321 3071
1 4609 3026
1 4778 3013
1 2681 5057
1 2695 4882
1 2712 4725
1 2723 4654
1 2742 4568
1 2757 4507
1 2808 4363
1 2847 4272
1 2890 4188
1 2938 4103
1 2969 4055
1 3081 3902
1 3138 3833
1 3207 3757
1 3270 3694
1 3419 3553
1 3524 3462
1 3616 3395
1 3714 3331
1 3885 3226
1 3975 3177
1 4058 3141
1 4240 3088
1 4376 3060
1 4501 3037
1 4691 3019
1 2689 4949
1 2700 4834
1 2771 4463
1 2801 4380
1 2872 4222
1 3015 3990
1 3100 3878
1 3350 3617
1 3703 3338
1 3799 3278
1 4023 3155
1 4205 3096
1 4259 3084
1 4418 3052
1 4530 3034
